### DATA:

         Q               I              Error
430
1.06922151E-02 3.13510464E-02 2.18106330E-03
1.20287357E-02 2.61609234E-02 1.51386972E-03
1.33652541E-02 2.20059484E-02 7.26973518E-04
1.47017700E-02 2.00968500E-02 5.15397463E-04
1.60382831E-02 1.81649877E-02 3.37754112E-04
1.73747933E-02 1.75887549E-02 3.90931165E-04
1.87113003E-02 1.65429283E-02 2.96908512E-04
2.00478039E-02 1.63246642E-02 3.51044401E-04
2.13843037E-02 1.62824876E-02 3.18551459E-04
2.27207996E-02 1.56243288E-02 2.70876588E-04
2.40572913E-02 1.55481103E-02 2.81662448E-04
2.53937785E-02 1.50434633E-02 2.65811905E-04
2.67302610E-02 1.53465164E-02 2.63444879E-04
2.80667386E-02 1.50183817E-02 2.43140039E-04
2.94032110E-02 1.47564049E-02 1.96131902E-04
3.07396780E-02 1.51120905E-02 2.10507702E-04
3.20761393E-02 1.50832227E-02 2.19862015E-04
3.34125946E-02 1.48439422E-02 2.04703630E-04
3.47490438E-02 1.47432192E-02 2.17249535E-04
3.60854865E-02 1.44019759E-02 2.03462929E-04
3.74219226E-02 1.44375083E-02 2.03907672E-04
3.87583518E-02 1.37319222E-02 1.81708398E-04
4.00947738E-02 1.43035373E-02 1.85645115E-04
4.14311883E-02 1.37241099E-02 1.88986477E-04
4.27675953E-02 1.37321548E-02 1.83031234E-04
4.41039943E-02 1.38813445E-02 1.80239679E-04
4.54403851E-02 1.37676751E-02 1.80515741E-04
4.67767676E-02 1.35667700E-02 1.57323565E-04
4.81131414E-02 1.35926339E-02 1.61278011E-04
4.94495063E-02 1.33180915E-02 1.65126375E-04
5.07858621E-02 1.36032542E-02 1.52345516E-04
5.21222085E-02 1.30533618E-02 1.57818631E-04
5.34585452E-02 1.33377425E-02 1.41707905E-04
5.47948721E-02 1.29044408E-02 1.61007516E-04
5.61311889E-02 1.29583334E-02 1.61172105E-04
5.74674952E-02 1.28642628E-02 1.46887041E-04
5.88037910E-02 1.23154048E-02 1.52642086E-04
6.01400758E-02 1.20582933E-02 1.53413337E-04
6.14763496E-02 1.24700201E-02 1.47019537E-04
6.28126120E-02 1.20772855E-02 1.39919271E-04
6.41488628E-02 1.22381530E-02 1.39479257E-04
6.54851017E-02 1.21913997E-02 1.32862159E-04
6.68213285E-02 1.16479817E-02 1.29625799E-04
6.81575430E-02 1.15366803E-02 1.38327408E-04
6.94937449E-02 1.17961764E-02 1.41512354E-04
7.08299339E-02 1.19422555E-02 1.36117445E-04
7.21661098E-02 1.13664162E-02 1.28555733E-04
7.35022724E-02 1.14366573E-02 1.29971617E-04
7.48384215E-02 1.11973887E-02 1.32910933E-04
7.61745566E-02 1.13310794E-02 1.21339805E-04
7.75106778E-02 1.09820723E-02 1.29646444E-04
7.88467845E-02 1.10058539E-02 1.34768208E-04
8.01828767E-02 1.06144022E-02 1.28844211E-04
8.15189541E-02 1.05676710E-02 1.28899223E-04
8.28550165E-02 1.03284139E-02 1.19584333E-04
8.41910635E-02 1.01614231E-02 1.28014364E-04
8.55270949E-02 1.00937511E-02 1.32506480E-04
8.68631106E-02 1.01424332E-02 1.23145248E-04
8.81991102E-02 9.87287174E-03 1.15670267E-04
8.95350935E-02 9.68898995E-03 1.17773358E-04
9.08710603E-02 9.76709283E-03 1.26434703E-04
9.22070102E-02 9.41206265E-03 1.10708088E-04
9.35429432E-02 9.37171994E-03 1.10774659E-04
9.48788588E-02 9.20139607E-03 1.17898416E-04
9.62147569E-02 9.11977004E-03 1.07154473E-04
9.75506373E-02 9.17572234E-03 1.21738699E-04
9.88864996E-02 8.73556635E-03 1.14309692E-04
1.00222344E-01 8.71572922E-03 1.09521204E-04
1.01558169E-01 8.50750815E-03 1.02184558E-04
1.02893976E-01 8.63126099E-03 1.13667056E-04
1.04229764E-01 8.42927650E-03 1.04119467E-04
1.05565532E-01 8.38439306E-03 9.87309690E-05
1.06901281E-01 8.22367010E-03 1.01102450E-04
1.08237011E-01 8.07034408E-03 8.86935252E-05
1.09572720E-01 7.83795949E-03 9.10350881E-05
1.10908409E-01 7.97970096E-03 9.71730300E-05
1.12244077E-01 7.88191400E-03 9.06758620E-05
1.13579725E-01 7.55396192E-03 8.94253633E-05
1.14915352E-01 7.62039965E-03 9.22425295E-05
1.16250958E-01 7.41601267E-03 9.06940304E-05
1.17586542E-01 7.27873611E-03 8.63517999E-05
1.18922104E-01 7.28021641E-03 8.87065783E-05
1.20257645E-01 6.95817006E-03 8.45901928E-05
1.21593163E-01 7.08081639E-03 7.87499683E-05
1.22928659E-01 6.77944263E-03 8.33309050E-05
1.24264132E-01 6.84848463E-03 8.25976290E-05
1.25599582E-01 6.77007287E-03 7.99766914E-05
1.26935009E-01 6.68374266E-03 8.10179018E-05
1.28270412E-01 6.34890388E-03 7.66395627E-05
1.29605792E-01 6.55280786E-03 7.72928250E-05
1.30941148E-01 6.50384289E-03 7.57141199E-05
1.32276480E-01 6.31640233E-03 7.39387435E-05
1.33611787E-01 6.17871834E-03 7.65926656E-05
1.34947070E-01 6.03169118E-03 7.09847644E-05
1.36282327E-01 6.02162993E-03 7.25335819E-05
1.37617560E-01 6.01782680E-03 6.99662918E-05
1.38952767E-01 5.92885276E-03 7.09734195E-05
1.40287948E-01 5.75836666E-03 7.04894997E-05
1.41623104E-01 5.83266416E-03 7.06208567E-05
1.42958234E-01 5.58560502E-03 6.75306836E-05
1.44293337E-01 5.49608160E-03 6.70188727E-05
1.45628413E-01 5.62009771E-03 6.52068766E-05
1.46963463E-01 5.36303472E-03 6.42246761E-05
1.48298485E-01 5.38903037E-03 6.68106881E-05
1.49633480E-01 5.29127874E-03 6.42462209E-05
1.50968447E-01 5.15258291E-03 6.15529140E-05
1.52303387E-01 5.15462628E-03 6.25253466E-05
1.53638298E-01 5.12518242E-03 6.22610307E-05
1.54973182E-01 4.98466769E-03 6.18037907E-05
1.56308036E-01 5.01530942E-03 6.13859922E-05
1.57642862E-01 4.90542577E-03 6.15366339E-05
1.58977658E-01 4.86640861E-03 5.94894197E-05
1.60312426E-01 4.65921503E-03 5.70598805E-05
1.61647163E-01 4.76524287E-03 5.87964126E-05
1.62981871E-01 4.63272439E-03 5.78238219E-05
1.64316549E-01 4.62857463E-03 5.36550500E-05
1.65651196E-01 4.59816838E-03 5.38950825E-05
1.66985813E-01 4.50977921E-03 5.57250353E-05
1.68320399E-01 4.39911542E-03 5.53897594E-05
1.69654954E-01 4.45089089E-03 5.54639523E-05
1.70989478E-01 4.40083056E-03 5.48434761E-05
1.72323970E-01 4.35447931E-03 5.31213875E-05
1.73658431E-01 4.28946188E-03 5.20031884E-05
1.74992859E-01 4.20070070E-03 4.95616171E-05
1.76327255E-01 4.17942144E-03 4.80967657E-05
1.77661619E-01 4.13115783E-03 5.16434892E-05
1.78995950E-01 4.10257366E-03 4.89797228E-05
1.80330247E-01 4.11899208E-03 5.15886197E-05
1.81664512E-01 4.04350258E-03 4.89672756E-05
1.82998743E-01 3.93858705E-03 4.92757447E-05
1.84332940E-01 4.02120604E-03 5.08414320E-05
1.85667104E-01 3.76400975E-03 4.90382153E-05
1.87001233E-01 3.83022790E-03 5.08507825E-05
1.88335327E-01 3.79335377E-03 4.94929724E-05
1.89669387E-01 3.82627309E-03 4.92366396E-05
1.91003412E-01 3.82413116E-03 5.17043780E-05
1.92337402E-01 3.77431506E-03 4.83194092E-05
1.93671356E-01 3.71784065E-03 4.63979966E-05
1.95005275E-01 3.65730401E-03 5.04992001E-05
1.96339157E-01 3.75941112E-03 5.04711822E-05
1.97673004E-01 3.67148770E-03 4.79509830E-05
1.99006814E-01 3.60358557E-03 4.88422050E-05
2.00340587E-01 3.56360205E-03 4.67232053E-05
2.01674324E-01 3.57648901E-03 4.97024146E-05
2.03008023E-01 3.60285515E-03 4.69248580E-05
2.04341685E-01 3.53754735E-03 5.00290106E-05
2.05675309E-01 3.54512711E-03 4.70480425E-05
2.07008895E-01 3.50560578E-03 4.63755960E-05
2.08342443E-01 3.40301479E-03 4.86403676E-05
2.09675953E-01 3.52785178E-03 4.65021546E-05
2.11009424E-01 3.51979619E-03 4.89971872E-05
2.12342856E-01 3.41813902E-03 4.74465587E-05
2.13676249E-01 3.41424386E-03 4.68622774E-05
2.15009603E-01 3.39205512E-03 4.51809147E-05
2.16342917E-01 3.35842065E-03 4.37689697E-05
2.17676192E-01 3.44682127E-03 4.60591245E-05
2.19009426E-01 3.29877348E-03 4.36689869E-05
2.20342620E-01 3.32731444E-03 4.36484868E-05
2.21675773E-01 3.32790932E-03 4.37335078E-05
2.23008885E-01 3.30711529E-03 4.55156317E-05
2.24341957E-01 3.30470006E-03 4.29015479E-05
2.25674987E-01 3.36124240E-03 4.36813020E-05
2.27007976E-01 3.27069003E-03 4.11578798E-05
2.28340922E-01 3.31584666E-03 4.07670432E-05
2.29673827E-01 3.29768371E-03 4.04398104E-05
2.31006689E-01 3.24424967E-03 4.17019160E-05
2.32339509E-01 3.27540727E-03 4.17493150E-05
2.33672286E-01 3.24888732E-03 4.11434647E-05
2.35005021E-01 3.24529470E-03 4.11441933E-05
2.36337711E-01 3.17567483E-03 4.07050045E-05
2.37670359E-01 3.35051448E-03 4.20294677E-05
2.39002962E-01 3.20975540E-03 4.00069636E-05
2.40335522E-01 3.19853178E-03 3.81479747E-05
2.41668037E-01 3.21725899E-03 4.09382795E-05
2.43000508E-01 3.16880146E-03 3.95194080E-05
2.44332934E-01 3.18796734E-03 4.15778224E-05
2.45665316E-01 3.15420715E-03 4.08599071E-05
2.46997652E-01 3.25099021E-03 4.05965089E-05
2.48329942E-01 3.19876416E-03 3.85297950E-05
2.49662187E-01 3.25122994E-03 4.03873691E-05
2.50994386E-01 3.23089713E-03 3.83730318E-05
2.52326539E-01 3.17828478E-03 3.75943681E-05
2.53658646E-01 3.14545898E-03 3.86602744E-05
2.54990705E-01 3.13508169E-03 3.81665314E-05
2.56322718E-01 3.22359981E-03 3.82633267E-05
2.57654684E-01 3.19383867E-03 3.87896567E-05
2.58986602E-01 3.15161673E-03 3.89549362E-05
2.60318473E-01 3.16766231E-03 3.75256754E-05
2.61650296E-01 3.17450590E-03 3.94243919E-05
2.62982071E-01 3.19385601E-03 3.88413262E-05
2.64313797E-01 3.13642826E-03 3.77845095E-05
2.65645475E-01 3.15410170E-03 3.82466632E-05
2.66977104E-01 3.23579434E-03 3.84689217E-05
2.68308684E-01 3.17618796E-03 3.67241634E-05
2.69640214E-01 3.14849981E-03 3.73338531E-05
2.70971695E-01 3.20469853E-03 3.66681569E-05
2.72303126E-01 3.15533637E-03 3.63137521E-05
2.73634508E-01 3.19591577E-03 3.65302072E-05
2.74965838E-01 3.14070747E-03 3.49279388E-05
2.76297119E-01 3.15484022E-03 3.68589864E-05
2.77628348E-01 3.26456911E-03 3.69530094E-05
2.78959527E-01 3.14780478E-03 3.64477717E-05
2.80290654E-01 3.15996202E-03 3.54458604E-05
2.81621730E-01 3.18504362E-03 3.71554521E-05
2.82952754E-01 3.14634706E-03 3.66411073E-05
2.84283726E-01 3.19149377E-03 3.51010299E-05
2.85614646E-01 3.18101514E-03 3.59221536E-05
2.86945514E-01 3.17971398E-03 3.50414488E-05
2.88276328E-01 3.16759711E-03 3.63138649E-05
2.89607090E-01 3.17348808E-03 3.67462272E-05
2.90937799E-01 3.10237315E-03 3.74218875E-05
2.92268454E-01 3.16962384E-03 3.63592925E-05
2.93599055E-01 3.17920971E-03 3.63769068E-05
2.94929603E-01 3.16044129E-03 3.68358948E-05
2.96260097E-01 3.15789442E-03 3.65653573E-05
2.97590536E-01 3.16810249E-03 3.63114602E-05
2.98920920E-01 3.19818054E-03 3.65465499E-05
3.00251250E-01 3.17619849E-03 3.68801358E-05
3.01581524E-01 3.14519484E-03 3.70259878E-05
3.02911743E-01 3.18269977E-03 3.62920224E-05
3.04241907E-01 3.11373318E-03 3.64747353E-05
3.05572015E-01 3.22131729E-03 3.68491603E-05
3.06902066E-01 3.17280070E-03 3.61336341E-05
3.08232062E-01 3.21784704E-03 3.75575186E-05
3.09562000E-01 3.14612980E-03 3.46206013E-05
3.10891882E-01 3.18650738E-03 3.63886705E-05
3.12221707E-01 3.12630845E-03 3.52850282E-05
3.13551475E-01 3.13433153E-03 3.61266909E-05
3.14881185E-01 3.20689018E-03 3.60507749E-05
3.16210838E-01 3.17827671E-03 3.68748833E-05
3.17540432E-01 3.23446212E-03 3.53577996E-05
3.18869968E-01 3.15094300E-03 3.60809124E-05
3.20199446E-01 3.21633112E-03 3.69311833E-05
3.21528865E-01 3.17848374E-03 3.65272576E-05
3.22858225E-01 3.18151552E-03 3.67116257E-05
3.24187526E-01 3.26103710E-03 3.76687032E-05
3.25516768E-01 3.18919594E-03 3.56467314E-05
3.26845949E-01 3.17562600E-03 3.53289723E-05
3.28175071E-01 3.18853131E-03 3.75286858E-05
3.29504133E-01 3.21629605E-03 3.72687203E-05
3.30833134E-01 3.22549374E-03 3.78803317E-05
3.32162075E-01 3.18350341E-03 3.59359062E-05
3.33490955E-01 3.11699096E-03 3.64844529E-05
3.34819774E-01 3.19471208E-03 3.57255496E-05
3.36148531E-01 3.22730374E-03 3.68166730E-05
3.37477227E-01 3.17567903E-03 3.48873608E-05
3.38805861E-01 3.18119580E-03 3.61600211E-05
3.40134433E-01 3.22946477E-03 3.61102080E-05
3.41462943E-01 3.21821320E-03 3.49290744E-05
3.42791390E-01 3.13621001E-03 3.57878520E-05
3.44119774E-01 3.13621039E-03 3.62098601E-05
3.45448095E-01 3.20547889E-03 3.48151111E-05
3.46776353E-01 3.22244924E-03 3.64415966E-05
3.48104548E-01 3.24866933E-03 3.66684086E-05
3.49432679E-01 3.19811308E-03 3.66544242E-05
3.50760746E-01 3.17073508E-03 3.68525428E-05
3.52088749E-01 3.16091165E-03 3.56779335E-05
3.53416687E-01 3.19290267E-03 3.68538392E-05
3.54744560E-01 3.17332007E-03 3.66611948E-05
3.56072369E-01 3.14034278E-03 3.72010753E-05
3.57400112E-01 3.20769899E-03 3.84689969E-05
3.58727791E-01 3.20059148E-03 3.87308411E-05
3.60055403E-01 3.25604296E-03 3.81142720E-05
3.61382950E-01 3.19730715E-03 3.73552804E-05
3.62710430E-01 3.17197404E-03 3.91155006E-05
3.64037844E-01 3.24539409E-03 3.94142021E-05
3.65365192E-01 3.24083140E-03 3.93328276E-05
3.66692473E-01 3.16925658E-03 3.79384227E-05
3.68019686E-01 3.16812929E-03 3.92893681E-05
3.69346833E-01 3.16443488E-03 3.96945789E-05
3.70673911E-01 3.24337017E-03 3.97202083E-05
3.72000922E-01 3.24763726E-03 3.94120645E-05
3.73327866E-01 3.22391284E-03 3.97220300E-05
3.74654740E-01 3.14137611E-03 3.99209742E-05
3.75981547E-01 3.12508063E-03 4.16362309E-05
3.77308284E-01 3.16558879E-03 4.30619618E-05
3.78634953E-01 3.14751907E-03 4.18642591E-05
3.79961552E-01 3.24557598E-03 4.32302452E-05
3.81288082E-01 3.23093947E-03 4.27981220E-05
3.82614543E-01 3.29712765E-03 4.23085283E-05
3.83940933E-01 3.17247045E-03 4.25199240E-05
3.85267254E-01 3.08750938E-03 4.28910103E-05
3.86593504E-01 3.20002947E-03 4.23256134E-05
3.87919683E-01 3.20115537E-03 4.17884654E-05
3.89245791E-01 3.19344475E-03 4.35375067E-05
3.90571829E-01 3.14598381E-03 4.30024236E-05
3.91897795E-01 3.19965865E-03 4.25419408E-05
3.93223690E-01 3.13851820E-03 4.39663487E-05
3.94549512E-01 3.17350778E-03 4.45799319E-05
3.95875263E-01 3.25616954E-03 4.13887888E-05
3.97200941E-01 3.18365652E-03 4.25782766E-05
3.98526547E-01 3.12814796E-03 4.50807922E-05
3.99852081E-01 3.17359234E-03 4.29714426E-05
4.01177541E-01 3.21391098E-03 4.67785400E-05
4.02502928E-01 3.21698323E-03 4.44990049E-05
4.03828242E-01 3.14405926E-03 4.71384918E-05
4.05153481E-01 3.24388250E-03 4.60541072E-05
4.06478647E-01 3.16735019E-03 4.59490756E-05
4.07803739E-01 3.23745432E-03 4.50041782E-05
4.09128757E-01 3.21624459E-03 4.40763654E-05
4.10453700E-01 3.25705313E-03 4.62536655E-05
4.11778568E-01 3.20279427E-03 4.66627231E-05
4.13103361E-01 3.13638122E-03 4.48130844E-05
4.14428078E-01 3.19603223E-03 4.62748887E-05
4.15752720E-01 3.10623876E-03 4.56193384E-05
4.17077287E-01 3.21138757E-03 4.82891826E-05
4.18401777E-01 3.15873949E-03 4.60819521E-05
4.19726191E-01 3.18493550E-03 4.66446389E-05
4.21050528E-01 3.18826803E-03 4.89510466E-05
4.22374789E-01 3.21612092E-03 4.74417596E-05
4.23698973E-01 3.16835921E-03 4.63071108E-05
4.25023079E-01 3.19863531E-03 4.65776399E-05
4.26347108E-01 3.19191433E-03 4.74195588E-05
4.27671060E-01 3.17162150E-03 4.72838636E-05
4.28994934E-01 3.17611499E-03 4.75719337E-05
4.30318729E-01 3.21763190E-03 4.71471268E-05
4.31642446E-01 3.23654242E-03 4.87862934E-05
4.32966085E-01 3.23483745E-03 4.73969027E-05
4.34289644E-01 3.22889646E-03 5.00618476E-05
4.35613125E-01 3.20197254E-03 4.80122789E-05
4.36936526E-01 3.28339634E-03 4.87467885E-05
4.38259848E-01 3.23629151E-03 5.08630718E-05
4.39583090E-01 3.23960012E-03 4.92724549E-05
4.40906252E-01 3.23215509E-03 4.97150843E-05
4.42229334E-01 3.24652508E-03 5.38512360E-05
4.43552335E-01 3.20145571E-03 5.04599184E-05
4.44875255E-01 3.20495455E-03 4.88713453E-05
4.46198095E-01 3.23583700E-03 5.15348739E-05
4.47520853E-01 3.15033281E-03 4.94762620E-05
4.48843531E-01 3.12641998E-03 5.29654437E-05
4.50166126E-01 3.21826659E-03 5.34670059E-05
4.51488640E-01 3.23322939E-03 5.06545362E-05
4.52811071E-01 3.20737480E-03 5.28721365E-05
4.54133420E-01 3.25260858E-03 5.02213343E-05
4.55455687E-01 3.25861356E-03 5.47464966E-05
4.56777871E-01 3.19756232E-03 5.13538617E-05
4.58099971E-01 3.17605616E-03 5.21273768E-05
4.59421989E-01 3.17400278E-03 5.17698012E-05
4.60743923E-01 3.23842690E-03 5.20787305E-05
4.62065773E-01 3.15639695E-03 5.22202524E-05
4.63387539E-01 3.16575180E-03 5.02646890E-05
4.64709222E-01 3.23157140E-03 5.41429662E-05
4.66030819E-01 3.16539933E-03 5.55617192E-05
4.67352332E-01 3.21007231E-03 5.62746185E-05
4.68673761E-01 3.18768112E-03 5.47283576E-05
4.69995104E-01 3.22057749E-03 5.75833248E-05
4.71316361E-01 3.17498159E-03 6.00491296E-05
4.72637534E-01 3.20896943E-03 6.08499801E-05
4.73958620E-01 3.33627600E-03 6.40983039E-05
4.75279620E-01 3.20069705E-03 6.17659431E-05
4.76600534E-01 3.28714030E-03 6.29106788E-05
4.77921362E-01 3.12330498E-03 6.07175605E-05
4.79242103E-01 3.34311258E-03 6.37206221E-05
4.80562757E-01 3.22707969E-03 6.75166078E-05
4.81883323E-01 3.22718367E-03 7.19169437E-05
4.83203803E-01 3.22584499E-03 6.84051315E-05
4.84524194E-01 3.17688255E-03 6.56197202E-05
4.85844498E-01 3.36371214E-03 6.58507978E-05
4.87164714E-01 3.20985703E-03 6.96443391E-05
4.88484841E-01 3.22094039E-03 6.70731598E-05
4.89804880E-01 3.13130024E-03 6.78096285E-05
4.91124830E-01 3.13992802E-03 7.85671155E-05
4.92444691E-01 3.35928627E-03 8.40840425E-05
4.93764462E-01 3.23553124E-03 8.05665973E-05
4.95084144E-01 3.12910347E-03 7.39834135E-05
4.96403737E-01 3.20635008E-03 7.27966133E-05
4.97723239E-01 3.38723381E-03 7.45852044E-05
4.99042652E-01 3.33323605E-03 7.70821156E-05
5.00361973E-01 3.21687095E-03 7.83789592E-05
5.01681205E-01 3.23823076E-03 8.20097927E-05
5.03000345E-01 3.23817550E-03 8.92022870E-05
5.04319394E-01 3.23717317E-03 8.63072776E-05
5.05638352E-01 3.08331923E-03 9.67751282E-05
5.06957219E-01 3.17650100E-03 8.52579580E-05
5.08275993E-01 3.15700312E-03 8.33438377E-05
5.09594676E-01 3.18335902E-03 8.89708363E-05
5.10913266E-01 3.15712091E-03 9.46532703E-05
5.12231764E-01 3.35525599E-03 8.87013471E-05
5.13550170E-01 3.28330245E-03 9.61168755E-05
5.14868482E-01 3.33787806E-03 9.60750469E-05
5.16186701E-01 3.21754042E-03 9.50029318E-05
5.17504827E-01 3.32273995E-03 9.49593585E-05
5.18822859E-01 3.15457825E-03 1.02784162E-04
5.20140797E-01 3.17570332E-03 1.04463379E-04
5.21458641E-01 3.18613150E-03 9.97914736E-05
5.22776391E-01 3.42288293E-03 1.19542768E-04
5.24094047E-01 3.23115237E-03 1.05226755E-04
5.25411608E-01 3.26245276E-03 1.08570374E-04
5.26729073E-01 3.40847392E-03 1.09035453E-04
5.28046444E-01 3.31084876E-03 1.17409180E-04
5.29363719E-01 3.55118808E-03 1.34926328E-04
5.30680898E-01 3.26888021E-03 1.18988302E-04
5.31997982E-01 3.69261454E-03 1.39113408E-04
5.33314969E-01 3.24776159E-03 1.34331969E-04
5.34631861E-01 3.21404212E-03 1.28998901E-04
5.35948655E-01 3.45587940E-03 1.35885895E-04
5.37265353E-01 3.19076959E-03 1.25735590E-04
5.38581954E-01 3.47763534E-03 1.46732912E-04
5.39898457E-01 3.30060920E-03 1.51677427E-04
5.41214863E-01 3.30460630E-03 1.47669724E-04
5.42531172E-01 3.75977144E-03 1.51322705E-04
5.43847382E-01 3.26816339E-03 1.46059510E-04
5.45163494E-01 3.27011094E-03 1.99137544E-04
5.46479508E-01 3.46576616E-03 1.67146200E-04
5.47795424E-01 3.48617788E-03 1.85496081E-04
5.49111240E-01 3.10976327E-03 1.77805093E-04
5.50426957E-01 3.26377152E-03 1.56028358E-04
5.51742576E-01 3.08408581E-03 1.53096375E-04
5.53058094E-01 3.36540740E-03 1.83634106E-04
5.54373513E-01 3.30202048E-03 2.08684781E-04
5.55688832E-01 3.55648455E-03 1.97881435E-04
5.57004051E-01 3.25802316E-03 1.97664248E-04
5.58319169E-01 3.52207212E-03 2.00352604E-04
5.59634187E-01 2.89324491E-03 1.85617980E-04
5.60949104E-01 3.52093676E-03 2.33825940E-04
5.62263920E-01 3.59199934E-03 2.28353884E-04
5.63578635E-01 3.28656814E-03 2.17323612E-04
5.64893248E-01 3.71151960E-03 2.03411347E-04
5.66207759E-01 3.16382943E-03 2.66993989E-04
5.67522168E-01 3.13927965E-03 2.32384474E-04
5.68836475E-01 3.18998232E-03 2.03683333E-04
5.70150680E-01 3.13060501E-03 2.50695475E-04
5.71464782E-01 3.04273631E-03 2.58582863E-04
5.72778781E-01 3.55023015E-03 3.21320579E-04
5.74092677E-01 3.51890034E-03 3.70975463E-04
5.75406470E-01 2.93498956E-03 2.86130824E-04
5.76720159E-01 3.68971300E-03 4.70758929E-04
5.78033745E-01 3.49534683E-03 4.09997122E-04
5.79347226E-01 3.23494720E-03 3.22654109E-04
5.80660603E-01 2.84198021E-03 5.29355550E-04


### HEADER:

{
    "analysis": {
        "uvvis": {
            "UVDarkTransmission": 193.225, 
            "UVPathlength": 1.5, 
            "UVTransmission": 308.05
        }
    }, 
    "calibration_params": {
        "Beam_Center_X": 353.270665166, 
        "Beam_Center_Y": 218.565552071, 
        "Detector_Pixel_Size": 0.172, 
        "Radial_Average_Method": "RAW", 
        "Sample_Detector_Distance": 600.0, 
        "Wavelength": 1.34765431953
    }, 
    "config_file": null, 
    "counters": {}, 
    "filename": "02700_F2-T1_lys_8_002.tiff", 
    "history": {}, 
    "imageHeader": {
        "AFTER": 168085280.0, 
        "BEFORE": 168085280.0, 
        "IC": 168085280.0, 
        "Img.ImgType": "2D", 
        "Img.Site": "TUM", 
        "aquire_timestamp": "Tue Dec 17 09:27:59 2019", 
        "beam_x": 352.9, 
        "beam_y": 217.65, 
        "beamcenter_actual": "352.90    217.65", 
        "beamcenter_nominal": "352.90    217.65", 
        "bstop": 98.0, 
        "calibrationtype": "geom", 
        "configuraton_number": 2.0, 
        "data_added_constant": 0.0, 
        "data_multiplied_constant": 1.0, 
        "datatype": "tiff", 
        "det_count_cutoff": 1147717.0, 
        "det_excluded_pixels": "badpix_mask.tif", 
        "det_exposure_period": 124.0, 
        "det_exposure_time": 120.0, 
        "det_flat_field": "FF_p3-0304_E8048_T4024_vrf_m0p100.tif", 
        "det_n_excluded_pixels": 11.0, 
        "det_pixel_size": "172e-6 172e-6", 
        "det_tau": 0.0, 
        "det_thickness": 0.00032, 
        "det_threshold_setting": 4024.0, 
        "det_trim_directory": "p3-0304_E8048_T4024.bin", 
        "detector_dist": 605.2981, 
        "detector_function": "saxs", 
        "detector_sn": "dec1442", 
        "detectortype": "Pilatus", 
        "detx": 524.998096, 
        "dety": 2.755937, 
        "detz": 0.0, 
        "error_norm_fact": 1.0, 
        "exposure_time": 120.0, 
        "flatfield_applied": 1.0, 
        "hg1": 1.5, 
        "hg2": 0.8, 
        "hp1": 0.0, 
        "hp2": -0.0, 
        "integration_time": 120.0, 
        "livetime": 120.0, 
        "log": "log", 
        "pd": -0.000125, 
        "photons_per_100adu": 100.0, 
        "pixelsize": "0.172 0.172", 
        "pixelsize_x": 172.0, 
        "pixelsize_y": 172.0, 
        "reduction_type": "s", 
        "sample_angle1": 0.0, 
        "sample_bio_cell_temp": 25.0, 
        "sample_bio_code": "None", 
        "sample_bio_run_number": 1.0, 
        "sample_bio_uv_dark": 193.225, 
        "sample_bio_uv_pathlength": 1.5, 
        "sample_bio_uv_trans": 308.05, 
        "sample_temp": 25.06, 
        "sample_transfact": 1.0, 
        "sample_ypos": 1.5, 
        "sample_zpos": 0.0, 
        "saturated_value": 1147717.0, 
        "saxsconf_Ieff": 1.0, 
        "saxsconf_Imon": 168085280.0, 
        "saxsconf_Izero": 168085280.0, 
        "saxsconf_det_offx": 0.0, 
        "saxsconf_det_offy": 0.0, 
        "saxsconf_det_pixsizey": 0.172, 
        "saxsconf_det_pixsizez": 0.172, 
        "saxsconf_det_rotx": 0.0, 
        "saxsconf_det_roty": 0.0, 
        "saxsconf_dwavelength": 0.004, 
        "saxsconf_l1": 725.0, 
        "saxsconf_l2": 400.0, 
        "saxsconf_l3": 200.0, 
        "saxsconf_r1": 0.75, 
        "saxsconf_r2": 0.4, 
        "saxsconf_r3": 0.75, 
        "saxsconf_wavelength": 1.3414, 
        "solz": 0.0, 
        "source_kV": 0.0, 
        "source_ma": 0.0, 
        "source_type": "EXCILLUMMETALJET", 
        "start_timestamp": "Tue Dec 17 09:27:59 2019", 
        "thsam": 0.0, 
        "vg1": 1.5, 
        "vg2": 0.8, 
        "vp1": 0.0, 
        "vp2": 0.0, 
        "wavelength": 1.3414, 
        "xaxisbintype": "lin", 
        "zinger_removal": 0.0, 
        "zsam": 0.0
    }, 
    "load_path": "/home/saxslab/BIODATA/Raw/02700_F2-T1_lys_8_002.tiff", 
    "normalizations": {
        "Counter_norms": [
            [
                "/", 
                "exposure_time"
            ], 
            [
                "/", 
                "saxsconf_Izero/1e7"
            ]
        ], 
        "Solid_Angle_Correction": "On"
    }, 
    "raw_version": "1.4.2 (BioXolver version)"
}

