### DATA:

         Q               I              Error
430
1.06922151E-02 3.46820860E-02 2.14304211E-03
1.20287357E-02 2.71937829E-02 1.84465777E-03
1.33652541E-02 2.29773009E-02 7.21310003E-04
1.47017700E-02 2.06019619E-02 4.84927261E-04
1.60382831E-02 1.92821619E-02 4.05678835E-04
1.73747933E-02 1.79315673E-02 3.09896884E-04
1.87113003E-02 1.75892018E-02 3.23442169E-04
2.00478039E-02 1.68197511E-02 3.23483860E-04
2.13843037E-02 1.74877663E-02 3.57980898E-04
2.27207996E-02 1.62766650E-02 2.93571092E-04
2.40572913E-02 1.64769485E-02 3.16821526E-04
2.53937785E-02 1.61308715E-02 2.42851382E-04
2.67302610E-02 1.61123434E-02 2.26034445E-04
2.80667386E-02 1.60299360E-02 2.21536237E-04
2.94032110E-02 1.59132014E-02 2.34863724E-04
3.07396780E-02 1.57265319E-02 2.32780054E-04
3.20761393E-02 1.51664471E-02 2.34878541E-04
3.34125946E-02 1.55162442E-02 2.02131778E-04
3.47490438E-02 1.52133716E-02 2.24330154E-04
3.60854865E-02 1.50785545E-02 2.23855475E-04
3.74219226E-02 1.47630489E-02 1.98633276E-04
3.87583518E-02 1.50026116E-02 1.92135144E-04
4.00947738E-02 1.50269664E-02 2.09293289E-04
4.14311883E-02 1.48229958E-02 2.08295212E-04
4.27675953E-02 1.44758659E-02 1.87795809E-04
4.41039943E-02 1.47441864E-02 1.98424620E-04
4.54403851E-02 1.41940309E-02 1.71676273E-04
4.67767676E-02 1.43255789E-02 1.75644921E-04
4.81131414E-02 1.41328090E-02 1.87491587E-04
4.94495063E-02 1.40537408E-02 1.81160253E-04
5.07858621E-02 1.37608941E-02 1.70815943E-04
5.21222085E-02 1.34546098E-02 1.62866936E-04
5.34585452E-02 1.39972885E-02 1.60711323E-04
5.47948721E-02 1.37285044E-02 1.65037185E-04
5.61311889E-02 1.37926724E-02 1.74163465E-04
5.74674952E-02 1.33303213E-02 1.57476294E-04
5.88037910E-02 1.32067922E-02 1.60688212E-04
6.01400758E-02 1.32346171E-02 1.57800662E-04
6.14763496E-02 1.31679085E-02 1.53117403E-04
6.28126120E-02 1.29776878E-02 1.47992732E-04
6.41488628E-02 1.28474102E-02 1.44042866E-04
6.54851017E-02 1.25052313E-02 1.33668278E-04
6.68213285E-02 1.23849967E-02 1.39403344E-04
6.81575430E-02 1.22770089E-02 1.38192545E-04
6.94937449E-02 1.19230173E-02 1.31528321E-04
7.08299339E-02 1.22738330E-02 1.46754811E-04
7.21661098E-02 1.21739778E-02 1.44606218E-04
7.35022724E-02 1.15780354E-02 1.36165693E-04
7.48384215E-02 1.16427762E-02 1.42152080E-04
7.61745566E-02 1.13563847E-02 1.48894664E-04
7.75106778E-02 1.14484044E-02 1.28511465E-04
7.88467845E-02 1.13647740E-02 1.33465184E-04
8.01828767E-02 1.13417670E-02 1.25661954E-04
8.15189541E-02 1.10177507E-02 1.35122245E-04
8.28550165E-02 1.08273797E-02 1.31613409E-04
8.41910635E-02 1.07707761E-02 1.25895702E-04
8.55270949E-02 1.05035891E-02 1.36381158E-04
8.68631106E-02 1.06829383E-02 1.36157690E-04
8.81991102E-02 1.05054856E-02 1.32731241E-04
8.95350935E-02 1.05328914E-02 1.27973638E-04
9.08710603E-02 9.83369068E-03 1.28535543E-04
9.22070102E-02 9.96609707E-03 1.18424686E-04
9.35429432E-02 1.00308136E-02 1.25107905E-04
9.48788588E-02 9.90499105E-03 1.23055562E-04
9.62147569E-02 9.64052211E-03 1.20908226E-04
9.75506373E-02 9.33067815E-03 1.27110451E-04
9.88864996E-02 9.21275573E-03 1.12624508E-04
1.00222344E-01 9.26242837E-03 1.16723890E-04
1.01558169E-01 9.11477193E-03 1.11059271E-04
1.02893976E-01 8.71944434E-03 1.07561287E-04
1.04229764E-01 8.97276169E-03 1.12023654E-04
1.05565532E-01 8.73768031E-03 1.07206556E-04
1.06901281E-01 8.60346201E-03 1.07379307E-04
1.08237011E-01 8.35308243E-03 1.01687115E-04
1.09572720E-01 8.34549726E-03 9.98209099E-05
1.10908409E-01 8.07750857E-03 9.70914756E-05
1.12244077E-01 8.08978535E-03 1.02344947E-04
1.13579725E-01 8.12933793E-03 8.83858976E-05
1.14915352E-01 7.81537060E-03 8.33484093E-05
1.16250958E-01 7.84318505E-03 9.10796567E-05
1.17586542E-01 7.76184603E-03 9.18973140E-05
1.18922104E-01 7.52579366E-03 8.37476650E-05
1.20257645E-01 7.37681886E-03 8.66290123E-05
1.21593163E-01 7.27968716E-03 8.93091902E-05
1.22928659E-01 7.10847426E-03 8.58918338E-05
1.24264132E-01 7.12920280E-03 8.75459924E-05
1.25599582E-01 7.00055392E-03 7.96999629E-05
1.26935009E-01 7.01024744E-03 8.46395911E-05
1.28270412E-01 6.76205581E-03 8.31092478E-05
1.29605792E-01 6.71991681E-03 7.73368051E-05
1.30941148E-01 6.73154033E-03 7.68937218E-05
1.32276480E-01 6.49153635E-03 7.58248045E-05
1.33611787E-01 6.36622640E-03 7.53821238E-05
1.34947070E-01 6.22389675E-03 7.34924808E-05
1.36282327E-01 6.23841671E-03 7.46832970E-05
1.37617560E-01 6.19658765E-03 7.26439921E-05
1.38952767E-01 6.10794408E-03 7.33315036E-05
1.40287948E-01 6.05103220E-03 7.30692894E-05
1.41623104E-01 5.78860925E-03 6.71326568E-05
1.42958234E-01 5.82810930E-03 7.29314296E-05
1.44293337E-01 6.00063699E-03 7.12418472E-05
1.45628413E-01 5.79087077E-03 7.42410514E-05
1.46963463E-01 5.67667466E-03 7.07894888E-05
1.48298485E-01 5.65287846E-03 6.59367695E-05
1.49633480E-01 5.51720565E-03 6.71810239E-05
1.50968447E-01 5.36651414E-03 6.39795555E-05
1.52303387E-01 5.44381111E-03 6.62468192E-05
1.53638298E-01 5.30774993E-03 6.58263650E-05
1.54973182E-01 5.23730974E-03 6.56713255E-05
1.56308036E-01 5.06358844E-03 6.38079648E-05
1.57642862E-01 5.11767530E-03 6.19570162E-05
1.58977658E-01 5.09347584E-03 6.06927663E-05
1.60312426E-01 4.96032336E-03 5.83814309E-05
1.61647163E-01 4.84521838E-03 6.12611476E-05
1.62981871E-01 4.80200585E-03 6.17775410E-05
1.64316549E-01 4.86475546E-03 5.93263997E-05
1.65651196E-01 4.75831248E-03 5.88588457E-05
1.66985813E-01 4.64555026E-03 5.56946154E-05
1.68320399E-01 4.48123957E-03 5.52003748E-05
1.69654954E-01 4.53549133E-03 5.62504541E-05
1.70989478E-01 4.54232094E-03 5.66772227E-05
1.72323970E-01 4.46005471E-03 5.49737612E-05
1.73658431E-01 4.40491791E-03 5.22134614E-05
1.74992859E-01 4.41732632E-03 5.41840147E-05
1.76327255E-01 4.29983257E-03 5.47394206E-05
1.77661619E-01 4.21326869E-03 5.29826412E-05
1.78995950E-01 4.22070642E-03 5.12227090E-05
1.80330247E-01 4.20128658E-03 5.38989473E-05
1.81664512E-01 4.22065444E-03 5.12125284E-05
1.82998743E-01 4.08251055E-03 5.06919992E-05
1.84332940E-01 3.99493303E-03 4.97166630E-05
1.85667104E-01 4.06984504E-03 5.20622823E-05
1.87001233E-01 4.01609893E-03 5.16202769E-05
1.88335327E-01 4.02570002E-03 5.17310592E-05
1.89669387E-01 3.95738611E-03 5.01907063E-05
1.91003412E-01 3.95318961E-03 5.20284594E-05
1.92337402E-01 3.83521822E-03 4.99083833E-05
1.93671356E-01 3.91975790E-03 5.27455395E-05
1.95005275E-01 3.78925716E-03 5.29957173E-05
1.96339157E-01 3.77686823E-03 5.15700443E-05
1.97673004E-01 3.78537826E-03 5.00968184E-05
1.99006814E-01 3.77596955E-03 5.19231650E-05
2.00340587E-01 3.70769484E-03 5.01061228E-05
2.01674324E-01 3.75670214E-03 5.31979379E-05
2.03008023E-01 3.76028857E-03 5.31109080E-05
2.04341685E-01 3.59360289E-03 5.06592316E-05
2.05675309E-01 3.64015269E-03 4.89459457E-05
2.07008895E-01 3.66344101E-03 4.70747395E-05
2.08342443E-01 3.59671272E-03 5.10793001E-05
2.09675953E-01 3.57227736E-03 4.78422719E-05
2.11009424E-01 3.62619771E-03 5.01964505E-05
2.12342856E-01 3.55545037E-03 4.73388761E-05
2.13676249E-01 3.49454545E-03 4.68933161E-05
2.15009603E-01 3.53068191E-03 4.71298943E-05
2.16342917E-01 3.54669556E-03 4.57248477E-05
2.17676192E-01 3.48651792E-03 4.68095493E-05
2.19009426E-01 3.47756902E-03 4.70012257E-05
2.20342620E-01 3.43062270E-03 4.52830334E-05
2.21675773E-01 3.43068781E-03 4.37130815E-05
2.23008885E-01 3.46432080E-03 4.63696667E-05
2.24341957E-01 3.41727695E-03 4.41006188E-05
2.25674987E-01 3.40397529E-03 4.43902899E-05
2.27007976E-01 3.48190489E-03 4.25850924E-05
2.28340922E-01 3.41169748E-03 4.44218025E-05
2.29673827E-01 3.40759249E-03 4.54420062E-05
2.31006689E-01 3.31358067E-03 4.23304350E-05
2.32339509E-01 3.38673405E-03 4.52672377E-05
2.33672286E-01 3.36466669E-03 4.25086468E-05
2.35005021E-01 3.40764427E-03 4.30594387E-05
2.36337711E-01 3.33040342E-03 4.36295811E-05
2.37670359E-01 3.34258966E-03 4.12938484E-05
2.39002962E-01 3.32769861E-03 4.31708949E-05
2.40335522E-01 3.25986962E-03 3.96504333E-05
2.41668037E-01 3.39949956E-03 4.13284472E-05
2.43000508E-01 3.36842791E-03 4.13863756E-05
2.44332934E-01 3.33814359E-03 4.14860657E-05
2.45665316E-01 3.25611224E-03 3.93957151E-05
2.46997652E-01 3.27679735E-03 4.05389951E-05
2.48329942E-01 3.23549994E-03 4.09633128E-05
2.49662187E-01 3.26685567E-03 3.93316090E-05
2.50994386E-01 3.28210448E-03 3.86034401E-05
2.52326539E-01 3.30511790E-03 3.83658060E-05
2.53658646E-01 3.32523663E-03 4.23574286E-05
2.54990705E-01 3.29754877E-03 4.03347034E-05
2.56322718E-01 3.29913043E-03 4.16264815E-05
2.57654684E-01 3.28846294E-03 3.98064503E-05
2.58986602E-01 3.26479063E-03 4.16772998E-05
2.60318473E-01 3.29667118E-03 3.83434841E-05
2.61650296E-01 3.25891775E-03 4.00022843E-05
2.62982071E-01 3.27154217E-03 3.97940542E-05
2.64313797E-01 3.22764814E-03 3.87623824E-05
2.65645475E-01 3.21219451E-03 3.74782402E-05
2.66977104E-01 3.27535364E-03 3.92238504E-05
2.68308684E-01 3.28015084E-03 3.76937595E-05
2.69640214E-01 3.33220888E-03 4.10503529E-05
2.70971695E-01 3.33854536E-03 3.82469265E-05
2.72303126E-01 3.32287278E-03 3.87954052E-05
2.73634508E-01 3.28001564E-03 3.73321381E-05
2.74965838E-01 3.28806460E-03 3.78063581E-05
2.76297119E-01 3.32168177E-03 3.73446835E-05
2.77628348E-01 3.21815543E-03 3.65291925E-05
2.78959527E-01 3.28062181E-03 3.75382986E-05
2.80290654E-01 3.23259883E-03 3.65198015E-05
2.81621730E-01 3.30801684E-03 3.86886443E-05
2.82952754E-01 3.35748609E-03 3.78065069E-05
2.84283726E-01 3.28272341E-03 3.56031607E-05
2.85614646E-01 3.25124849E-03 3.71228345E-05
2.86945514E-01 3.33301479E-03 3.86370811E-05
2.88276328E-01 3.30476709E-03 3.85484545E-05
2.89607090E-01 3.29137585E-03 3.78583857E-05
2.90937799E-01 3.29832881E-03 3.75185188E-05
2.92268454E-01 3.36624067E-03 3.83804899E-05
2.93599055E-01 3.32326758E-03 3.80885812E-05
2.94929603E-01 3.25277436E-03 3.80581109E-05
2.96260097E-01 3.28023241E-03 3.77976283E-05
2.97590536E-01 3.20736660E-03 3.69284075E-05
2.98920920E-01 3.22800257E-03 3.78208136E-05
3.00251250E-01 3.31259842E-03 3.73896587E-05
3.01581524E-01 3.27240546E-03 3.79148063E-05
3.02911743E-01 3.27637472E-03 3.75772450E-05
3.04241907E-01 3.32723703E-03 3.88284881E-05
3.05572015E-01 3.30626412E-03 3.80855106E-05
3.06902066E-01 3.31663941E-03 3.85275939E-05
3.08232062E-01 3.36535575E-03 3.91019712E-05
3.09562000E-01 3.24344818E-03 3.63671080E-05
3.10891882E-01 3.31609825E-03 3.85279913E-05
3.12221707E-01 3.29824692E-03 3.74470249E-05
3.13551475E-01 3.39681082E-03 3.96230195E-05
3.14881185E-01 3.27646296E-03 3.84014576E-05
3.16210838E-01 3.31373453E-03 3.69894812E-05
3.17540432E-01 3.31140450E-03 3.83474114E-05
3.18869968E-01 3.32255507E-03 3.74288449E-05
3.20199446E-01 3.28797405E-03 3.80612644E-05
3.21528865E-01 3.24392602E-03 3.77518234E-05
3.22858225E-01 3.29935074E-03 3.71936615E-05
3.24187526E-01 3.32644025E-03 3.86055370E-05
3.25516768E-01 3.29180466E-03 3.76056976E-05
3.26845949E-01 3.23290597E-03 3.86187501E-05
3.28175071E-01 3.34600026E-03 3.84039316E-05
3.29504133E-01 3.31761588E-03 3.59445417E-05
3.30833134E-01 3.30105290E-03 3.70649810E-05
3.32162075E-01 3.28466275E-03 3.65304246E-05
3.33490955E-01 3.32524654E-03 3.74235846E-05
3.34819774E-01 3.32206315E-03 3.76006160E-05
3.36148531E-01 3.33028624E-03 3.70929981E-05
3.37477227E-01 3.28674118E-03 3.84934844E-05
3.38805861E-01 3.28523106E-03 3.66932905E-05
3.40134433E-01 3.28452704E-03 3.75988651E-05
3.41462943E-01 3.23131079E-03 3.75709235E-05
3.42791390E-01 3.33214920E-03 3.84777655E-05
3.44119774E-01 3.26443074E-03 3.55675300E-05
3.45448095E-01 3.31487137E-03 3.69308816E-05
3.46776353E-01 3.34279026E-03 3.76166097E-05
3.48104548E-01 3.26987844E-03 3.66984672E-05
3.49432679E-01 3.26788380E-03 3.65514681E-05
3.50760746E-01 3.27487627E-03 3.73011571E-05
3.52088749E-01 3.36009303E-03 3.75079313E-05
3.53416687E-01 3.36096840E-03 3.83910946E-05
3.54744560E-01 3.25828253E-03 3.65299602E-05
3.56072369E-01 3.35035337E-03 3.85966887E-05
3.57400112E-01 3.36896108E-03 3.90362900E-05
3.58727791E-01 3.31024543E-03 3.96234693E-05
3.60055403E-01 3.39815879E-03 3.94630671E-05
3.61382950E-01 3.28495507E-03 4.07339700E-05
3.62710430E-01 3.29523076E-03 4.01657705E-05
3.64037844E-01 3.34219053E-03 4.18340549E-05
3.65365192E-01 3.30729169E-03 4.26003405E-05
3.66692473E-01 3.33830285E-03 4.05428122E-05
3.68019686E-01 3.41274686E-03 4.15870255E-05
3.69346833E-01 3.36108284E-03 4.03030537E-05
3.70673911E-01 3.33182858E-03 4.11984882E-05
3.72000922E-01 3.30115422E-03 4.21369984E-05
3.73327866E-01 3.39233469E-03 4.25899085E-05
3.74654740E-01 3.29851218E-03 4.15502236E-05
3.75981547E-01 3.26319476E-03 4.05155916E-05
3.77308284E-01 3.28793377E-03 4.30728951E-05
3.78634953E-01 3.38215531E-03 4.34665884E-05
3.79961552E-01 3.36683449E-03 4.34287405E-05
3.81288082E-01 3.33417607E-03 4.35042821E-05
3.82614543E-01 3.38049215E-03 4.38090651E-05
3.83940933E-01 3.37630067E-03 4.55827838E-05
3.85267254E-01 3.28737679E-03 4.35155219E-05
3.86593504E-01 3.25939292E-03 4.46402127E-05
3.87919683E-01 3.32865870E-03 4.53541249E-05
3.89245791E-01 3.32738831E-03 4.41898103E-05
3.90571829E-01 3.29531046E-03 4.37782658E-05
3.91897795E-01 3.28197007E-03 4.55583240E-05
3.93223690E-01 3.20340858E-03 4.37716140E-05
3.94549512E-01 3.30742812E-03 4.43972214E-05
3.95875263E-01 3.31106006E-03 4.53862314E-05
3.97200941E-01 3.34783574E-03 4.57954807E-05
3.98526547E-01 3.34534660E-03 4.51062520E-05
3.99852081E-01 3.31281116E-03 4.80416982E-05
4.01177541E-01 3.37235804E-03 4.56351364E-05
4.02502928E-01 3.32349783E-03 4.75609046E-05
4.03828242E-01 3.30060292E-03 4.58694924E-05
4.05153481E-01 3.30876405E-03 4.78004940E-05
4.06478647E-01 3.37112114E-03 4.44726135E-05
4.07803739E-01 3.29181773E-03 4.90507965E-05
4.09128757E-01 3.24495305E-03 4.71158662E-05
4.10453700E-01 3.31699086E-03 4.89448568E-05
4.11778568E-01 3.22764524E-03 4.85959751E-05
4.13103361E-01 3.20273721E-03 4.55647939E-05
4.14428078E-01 3.40478910E-03 4.70899171E-05
4.15752720E-01 3.29026843E-03 5.04051223E-05
4.17077287E-01 3.26780049E-03 4.44688761E-05
4.18401777E-01 3.28179224E-03 4.73700038E-05
4.19726191E-01 3.30104588E-03 4.87571848E-05
4.21050528E-01 3.38824225E-03 4.88631275E-05
4.22374789E-01 3.23557640E-03 5.05438743E-05
4.23698973E-01 3.30204073E-03 4.79296806E-05
4.25023079E-01 3.28359879E-03 4.66374454E-05
4.26347108E-01 3.20525262E-03 4.68929003E-05
4.27671060E-01 3.35766426E-03 4.90716519E-05
4.28994934E-01 3.37739159E-03 5.03048786E-05
4.30318729E-01 3.37587982E-03 5.21905977E-05
4.31642446E-01 3.27065561E-03 4.95010414E-05
4.32966085E-01 3.28469123E-03 5.25613630E-05
4.34289644E-01 3.34761783E-03 4.89154102E-05
4.35613125E-01 3.29067141E-03 5.09583442E-05
4.36936526E-01 3.21144844E-03 5.22464914E-05
4.38259848E-01 3.26265339E-03 5.18214324E-05
4.39583090E-01 3.37376999E-03 5.13117250E-05
4.40906252E-01 3.36973900E-03 5.24446802E-05
4.42229334E-01 3.29171017E-03 5.17565088E-05
4.43552335E-01 3.35329873E-03 5.00764700E-05
4.44875255E-01 3.36186206E-03 5.36823169E-05
4.46198095E-01 3.26903145E-03 5.28583348E-05
4.47520853E-01 3.35806920E-03 5.36358740E-05
4.48843531E-01 3.36957882E-03 5.57196950E-05
4.50166126E-01 3.27878052E-03 5.09245968E-05
4.51488640E-01 3.25679430E-03 5.03939181E-05
4.52811071E-01 3.26970495E-03 5.36761587E-05
4.54133420E-01 3.21649751E-03 5.02081066E-05
4.55455687E-01 3.26474915E-03 5.23571912E-05
4.56777871E-01 3.27136597E-03 5.36525282E-05
4.58099971E-01 3.41303875E-03 5.50103695E-05
4.59421989E-01 3.30535031E-03 5.19296218E-05
4.60743923E-01 3.29838548E-03 5.56621897E-05
4.62065773E-01 3.39413833E-03 5.43453416E-05
4.63387539E-01 3.27852395E-03 5.38328190E-05
4.64709222E-01 3.47604616E-03 5.46997681E-05
4.66030819E-01 3.27352555E-03 5.58612165E-05
4.67352332E-01 3.37885808E-03 5.92525687E-05
4.68673761E-01 3.33990722E-03 5.95723785E-05
4.69995104E-01 3.31144261E-03 6.18445791E-05
4.71316361E-01 3.33896942E-03 5.82739472E-05
4.72637534E-01 3.40907145E-03 6.08201370E-05
4.73958620E-01 3.29452783E-03 6.31567310E-05
4.75279620E-01 3.45031448E-03 6.62460683E-05
4.76600534E-01 3.29627360E-03 6.62409543E-05
4.77921362E-01 3.40449582E-03 6.40085013E-05
4.79242103E-01 3.36999616E-03 7.07683741E-05
4.80562757E-01 3.38446161E-03 7.20047998E-05
4.81883323E-01 3.24332060E-03 7.05523371E-05
4.83203803E-01 3.36797510E-03 6.38617374E-05
4.84524194E-01 3.48579817E-03 7.06017791E-05
4.85844498E-01 3.32849372E-03 7.24066034E-05
4.87164714E-01 3.32307721E-03 6.63519766E-05
4.88484841E-01 3.40724533E-03 7.48137841E-05
4.89804880E-01 3.14803520E-03 7.29051951E-05
4.91124830E-01 3.34648804E-03 8.07164953E-05
4.92444691E-01 3.28861149E-03 7.22255719E-05
4.93764462E-01 3.37133084E-03 7.42243184E-05
4.95084144E-01 3.31926547E-03 7.93132425E-05
4.96403737E-01 3.50780618E-03 7.74726305E-05
4.97723239E-01 3.25925227E-03 8.20999921E-05
4.99042652E-01 3.38234698E-03 8.12933371E-05
5.00361973E-01 3.26531161E-03 8.23849412E-05
5.01681205E-01 3.36288086E-03 8.84118572E-05
5.03000345E-01 3.51116783E-03 9.05398085E-05
5.04319394E-01 3.44403317E-03 8.74557918E-05
5.05638352E-01 3.30257453E-03 9.10663489E-05
5.06957219E-01 3.32627411E-03 8.45480227E-05
5.08275993E-01 3.47864892E-03 8.70878243E-05
5.09594676E-01 3.39618255E-03 9.32303502E-05
5.10913266E-01 3.51003378E-03 9.57051731E-05
5.12231764E-01 3.31978990E-03 9.32743349E-05
5.13550170E-01 3.37810856E-03 9.13903248E-05
5.14868482E-01 3.42510173E-03 9.18823558E-05
5.16186701E-01 3.25593591E-03 9.98424832E-05
5.17504827E-01 3.34471882E-03 9.21535622E-05
5.18822859E-01 3.39404867E-03 1.06420364E-04
5.20140797E-01 3.39455478E-03 9.53002447E-05
5.21458641E-01 3.42466382E-03 1.04236855E-04
5.22776391E-01 3.43062308E-03 1.16537292E-04
5.24094047E-01 3.40296394E-03 1.14909907E-04
5.25411608E-01 3.32182511E-03 1.16195618E-04
5.26729073E-01 3.37704116E-03 1.22948234E-04
5.28046444E-01 3.36118806E-03 1.29546621E-04
5.29363719E-01 3.46859054E-03 1.18735562E-04
5.30680898E-01 3.32141819E-03 1.15441654E-04
5.31997982E-01 3.76065386E-03 1.41059769E-04
5.33314969E-01 3.15192937E-03 1.18966734E-04
5.34631861E-01 3.27772445E-03 1.28062179E-04
5.35948655E-01 3.49139449E-03 1.52721143E-04
5.37265353E-01 3.30496505E-03 1.18193037E-04
5.38581954E-01 3.64932832E-03 1.49997627E-04
5.39898457E-01 3.47093100E-03 1.59946967E-04
5.41214863E-01 3.44442635E-03 1.43180272E-04
5.42531172E-01 3.42419758E-03 1.49695351E-04
5.43847382E-01 3.25040874E-03 1.52266909E-04
5.45163494E-01 3.60884884E-03 1.63034252E-04
5.46479508E-01 3.53345808E-03 1.61524746E-04
5.47795424E-01 3.37124888E-03 1.50142411E-04
5.49111240E-01 3.68616811E-03 1.56389277E-04
5.50426957E-01 3.68653870E-03 1.76795698E-04
5.51742576E-01 3.63039737E-03 1.80528573E-04
5.53058094E-01 3.43057305E-03 2.10563469E-04
5.54373513E-01 3.56554315E-03 2.12076674E-04
5.55688832E-01 3.43268935E-03 1.59659913E-04
5.57004051E-01 3.33951353E-03 1.80404809E-04
5.58319169E-01 3.46153992E-03 1.82110411E-04
5.59634187E-01 3.24822887E-03 1.65345182E-04
5.60949104E-01 3.51398076E-03 1.86760110E-04
5.62263920E-01 3.29262396E-03 2.54247369E-04
5.63578635E-01 3.59885111E-03 1.87261592E-04
5.64893248E-01 3.66264469E-03 2.99088614E-04
5.66207759E-01 3.42844544E-03 2.14396930E-04
5.67522168E-01 3.36147398E-03 2.76243241E-04
5.68836475E-01 3.42389262E-03 2.85977653E-04
5.70150680E-01 3.61864693E-03 2.25100483E-04
5.71464782E-01 3.48131937E-03 2.37821309E-04
5.72778781E-01 3.23376161E-03 3.75265739E-04
5.74092677E-01 3.92712197E-03 2.99938895E-04
5.75406470E-01 3.96493947E-03 2.83461906E-04
5.76720159E-01 4.18981095E-03 2.77620297E-04
5.78033745E-01 3.37548152E-03 7.22738549E-04
5.79347226E-01 3.33946082E-03 5.31454992E-04
5.80660603E-01 3.87680447E-03 1.87433477E-04


### HEADER:

{
    "analysis": {
        "uvvis": {
            "UVDarkTransmission": 193.225, 
            "UVPathlength": 1.5, 
            "UVTransmission": 308.05
        }
    }, 
    "calibration_params": {
        "Beam_Center_X": 353.270665166, 
        "Beam_Center_Y": 218.565552071, 
        "Detector_Pixel_Size": 0.172, 
        "Radial_Average_Method": "RAW", 
        "Sample_Detector_Distance": 600.0, 
        "Wavelength": 1.34765431953
    }, 
    "config_file": null, 
    "counters": {}, 
    "filename": "02700_F2-T1_lys_8_000.tiff", 
    "history": {}, 
    "imageHeader": {
        "AFTER": 162824790.0, 
        "BEFORE": 162824790.0, 
        "IC": 162824790.0, 
        "Img.ImgType": "2D", 
        "Img.Site": "TUM", 
        "aquire_timestamp": "Tue Dec 17 09:23:35 2019", 
        "beam_x": 352.9, 
        "beam_y": 217.65, 
        "beamcenter_actual": "352.90    217.65", 
        "beamcenter_nominal": "352.90    217.65", 
        "bstop": 98.0, 
        "calibrationtype": "geom", 
        "configuraton_number": 2.0, 
        "data_added_constant": 0.0, 
        "data_multiplied_constant": 1.0, 
        "datatype": "tiff", 
        "det_count_cutoff": 1147717.0, 
        "det_excluded_pixels": "badpix_mask.tif", 
        "det_exposure_period": 124.0, 
        "det_exposure_time": 120.0, 
        "det_flat_field": "FF_p3-0304_E8048_T4024_vrf_m0p100.tif", 
        "det_n_excluded_pixels": 11.0, 
        "det_pixel_size": "172e-6 172e-6", 
        "det_tau": 0.0, 
        "det_thickness": 0.00032, 
        "det_threshold_setting": 4024.0, 
        "det_trim_directory": "p3-0304_E8048_T4024.bin", 
        "detector_dist": 605.2981, 
        "detector_function": "saxs", 
        "detector_sn": "dec1442", 
        "detectortype": "Pilatus", 
        "detx": 524.998096, 
        "dety": 2.755937, 
        "detz": 0.0, 
        "error_norm_fact": 1.0, 
        "exposure_time": 120.0, 
        "flatfield_applied": 1.0, 
        "hg1": 1.5, 
        "hg2": 0.8, 
        "hp1": 0.0, 
        "hp2": -0.0, 
        "integration_time": 120.0, 
        "livetime": 120.0, 
        "log": "log", 
        "pd": -0.000125, 
        "photons_per_100adu": 100.0, 
        "pixelsize": "0.172 0.172", 
        "pixelsize_x": 172.0, 
        "pixelsize_y": 172.0, 
        "reduction_type": "s", 
        "sample_angle1": 0.0, 
        "sample_bio_cell_temp": 25.0, 
        "sample_bio_code": "None", 
        "sample_bio_run_number": 1.0, 
        "sample_bio_uv_dark": 193.225, 
        "sample_bio_uv_pathlength": 1.5, 
        "sample_bio_uv_trans": 308.05, 
        "sample_temp": 25.15, 
        "sample_transfact": 1.0, 
        "sample_ypos": 1.5, 
        "sample_zpos": 0.0, 
        "saturated_value": 1147717.0, 
        "saxsconf_Ieff": 1.0, 
        "saxsconf_Imon": 162824790.0, 
        "saxsconf_Izero": 162824790.0, 
        "saxsconf_det_offx": 0.0, 
        "saxsconf_det_offy": 0.0, 
        "saxsconf_det_pixsizey": 0.172, 
        "saxsconf_det_pixsizez": 0.172, 
        "saxsconf_det_rotx": 0.0, 
        "saxsconf_det_roty": 0.0, 
        "saxsconf_dwavelength": 0.004, 
        "saxsconf_l1": 725.0, 
        "saxsconf_l2": 400.0, 
        "saxsconf_l3": 200.0, 
        "saxsconf_r1": 0.75, 
        "saxsconf_r2": 0.4, 
        "saxsconf_r3": 0.75, 
        "saxsconf_wavelength": 1.3414, 
        "solz": 0.0, 
        "source_kV": 0.0, 
        "source_ma": 0.0, 
        "source_type": "EXCILLUMMETALJET", 
        "start_timestamp": "Tue Dec 17 09:23:35 2019", 
        "thsam": 0.0, 
        "vg1": 1.5, 
        "vg2": 0.8, 
        "vp1": 0.0, 
        "vp2": 0.0, 
        "wavelength": 1.3414, 
        "xaxisbintype": "lin", 
        "zinger_removal": 0.0, 
        "zsam": 0.0
    }, 
    "load_path": "/home/saxslab/BIODATA/Raw/02700_F2-T1_lys_8_000.tiff", 
    "normalizations": {
        "Counter_norms": [
            [
                "/", 
                "exposure_time"
            ], 
            [
                "/", 
                "saxsconf_Izero/1e7"
            ]
        ], 
        "Solid_Angle_Correction": "On"
    }, 
    "raw_version": "1.4.2 (BioXolver version)"
}

