### DATA:

         Q               I              Error
430
1.06922151E-02 2.45597722E-02 2.03687950E-03
1.20287357E-02 2.04231209E-02 1.67402294E-03
1.33652541E-02 1.57617230E-02 7.41872954E-04
1.47017700E-02 1.38157504E-02 4.53089057E-04
1.60382831E-02 1.23153018E-02 3.32549843E-04
1.73747933E-02 1.14980112E-02 3.50229474E-04
1.87113003E-02 1.13351604E-02 2.56890356E-04
2.00478039E-02 1.05903466E-02 2.54649769E-04
2.13843037E-02 1.05310017E-02 2.54243934E-04
2.27207996E-02 1.04098681E-02 2.37725486E-04
2.40572913E-02 9.87120601E-03 2.20581102E-04
2.53937785E-02 9.96458002E-03 2.12211797E-04
2.67302610E-02 9.45896792E-03 1.88808316E-04
2.80667386E-02 9.54020345E-03 1.81879838E-04
2.94032110E-02 9.29073369E-03 1.79157012E-04
3.07396780E-02 9.27215961E-03 2.02789073E-04
3.20761393E-02 9.60453609E-03 1.97102375E-04
3.34125946E-02 9.27567245E-03 1.76100376E-04
3.47490438E-02 9.12192156E-03 1.68108448E-04
3.60854865E-02 8.86226934E-03 1.53287206E-04
3.74219226E-02 8.77556949E-03 1.76634848E-04
3.87583518E-02 8.75888165E-03 1.36302672E-04
4.00947738E-02 8.69010237E-03 1.56417241E-04
4.14311883E-02 8.84765937E-03 1.37256872E-04
4.27675953E-02 8.42119824E-03 1.37564959E-04
4.41039943E-02 8.44480957E-03 1.36897678E-04
4.54403851E-02 8.63880235E-03 1.41878220E-04
4.67767676E-02 8.60714858E-03 1.36941275E-04
4.81131414E-02 8.55504047E-03 1.29552749E-04
4.94495063E-02 8.22470015E-03 1.32876337E-04
5.07858621E-02 8.24745320E-03 1.35035178E-04
5.21222085E-02 8.01372445E-03 1.20626817E-04
5.34585452E-02 8.20514177E-03 1.20439438E-04
5.47948721E-02 8.12392652E-03 1.23143042E-04
5.61311889E-02 8.05964778E-03 1.33332161E-04
5.74674952E-02 7.96947810E-03 1.17965206E-04
5.88037910E-02 7.97796564E-03 1.15269031E-04
6.01400758E-02 7.86154619E-03 1.26631196E-04
6.14763496E-02 7.82539736E-03 1.13407058E-04
6.28126120E-02 7.72196547E-03 1.16210734E-04
6.41488628E-02 7.64355533E-03 1.17422713E-04
6.54851017E-02 7.65090364E-03 1.09679991E-04
6.68213285E-02 7.58367964E-03 1.10059515E-04
6.81575430E-02 7.37295325E-03 1.02515625E-04
6.94937449E-02 7.57832213E-03 1.16118352E-04
7.08299339E-02 7.42472439E-03 1.13032208E-04
7.21661098E-02 7.25100881E-03 1.13543772E-04
7.35022724E-02 7.23101820E-03 1.05123318E-04
7.48384215E-02 7.35039567E-03 1.11134822E-04
7.61745566E-02 7.16400081E-03 1.09729762E-04
7.75106778E-02 7.03201886E-03 1.15804975E-04
7.88467845E-02 7.19670913E-03 1.15336271E-04
8.01828767E-02 6.82771019E-03 1.13657173E-04
8.15189541E-02 7.14432539E-03 1.03121425E-04
8.28550165E-02 6.92149851E-03 9.51944281E-05
8.41910635E-02 6.78069936E-03 1.04794816E-04
8.55270949E-02 6.70092427E-03 1.04197197E-04
8.68631106E-02 6.66229491E-03 1.05081814E-04
8.81991102E-02 6.51927719E-03 9.71109648E-05
8.95350935E-02 6.50295829E-03 1.03638660E-04
9.08710603E-02 6.43777651E-03 9.96183091E-05
9.22070102E-02 6.31550217E-03 9.57215315E-05
9.35429432E-02 6.27496553E-03 1.00548341E-04
9.48788588E-02 6.24202027E-03 9.40429860E-05
9.62147569E-02 6.08286949E-03 9.31364032E-05
9.75506373E-02 6.07355064E-03 9.31870906E-05
9.88864996E-02 6.07758569E-03 9.41001029E-05
1.00222344E-01 6.06124332E-03 1.02181784E-04
1.01558169E-01 6.08830285E-03 1.00026083E-04
1.02893976E-01 5.87932755E-03 9.24351079E-05
1.04229764E-01 5.89414344E-03 8.81321327E-05
1.05565532E-01 5.84160243E-03 8.29238145E-05
1.06901281E-01 5.69343096E-03 8.52857309E-05
1.08237011E-01 5.53056922E-03 8.01862262E-05
1.09572720E-01 5.58858767E-03 8.38409177E-05
1.10908409E-01 5.43003510E-03 8.04228917E-05
1.12244077E-01 5.57287642E-03 8.11753724E-05
1.13579725E-01 5.51711425E-03 7.55295189E-05
1.14915352E-01 5.39168028E-03 7.81728426E-05
1.16250958E-01 5.43388530E-03 7.49982468E-05
1.17586542E-01 5.21007077E-03 7.20365561E-05
1.18922104E-01 5.21967509E-03 7.22796080E-05
1.20257645E-01 5.10229621E-03 7.29301257E-05
1.21593163E-01 5.06377926E-03 7.12276227E-05
1.22928659E-01 5.11561212E-03 6.96700837E-05
1.24264132E-01 5.08531359E-03 7.33939999E-05
1.25599582E-01 4.91154613E-03 7.08155589E-05
1.26935009E-01 4.92137649E-03 6.82335589E-05
1.28270412E-01 4.90914433E-03 6.84727001E-05
1.29605792E-01 4.96336662E-03 6.62925423E-05
1.30941148E-01 4.83896385E-03 6.94232172E-05
1.32276480E-01 4.76114302E-03 6.36634346E-05
1.33611787E-01 4.84966953E-03 6.49604345E-05
1.34947070E-01 4.70839336E-03 6.55832654E-05
1.36282327E-01 4.65372649E-03 6.51257325E-05
1.37617560E-01 4.56737548E-03 6.21461001E-05
1.38952767E-01 4.41260718E-03 5.88239676E-05
1.40287948E-01 4.40578346E-03 6.02300959E-05
1.41623104E-01 4.43594365E-03 6.02335989E-05
1.42958234E-01 4.50189366E-03 6.30459208E-05
1.44293337E-01 4.41190951E-03 6.26705704E-05
1.45628413E-01 4.28730440E-03 5.85599159E-05
1.46963463E-01 4.34005910E-03 5.67598600E-05
1.48298485E-01 4.16144647E-03 5.68923027E-05
1.49633480E-01 4.31969529E-03 5.81722930E-05
1.50968447E-01 4.23270563E-03 5.67077823E-05
1.52303387E-01 4.18908243E-03 5.81391399E-05
1.53638298E-01 4.14763842E-03 5.45512128E-05
1.54973182E-01 4.09369044E-03 5.66890328E-05
1.56308036E-01 4.18814338E-03 5.54160187E-05
1.57642862E-01 4.13384250E-03 5.38878895E-05
1.58977658E-01 4.06922224E-03 5.56757578E-05
1.60312426E-01 4.01042882E-03 5.25279334E-05
1.61647163E-01 3.90190153E-03 5.38812293E-05
1.62981871E-01 3.90811625E-03 5.48038163E-05
1.64316549E-01 3.97030199E-03 5.51531294E-05
1.65651196E-01 3.80975638E-03 5.07081879E-05
1.66985813E-01 3.94344286E-03 5.11433440E-05
1.68320399E-01 3.78523484E-03 5.08998710E-05
1.69654954E-01 3.81775798E-03 5.20199340E-05
1.70989478E-01 3.84647129E-03 5.09874762E-05
1.72323970E-01 3.75169277E-03 5.01125741E-05
1.73658431E-01 3.70502388E-03 5.06658414E-05
1.74992859E-01 3.68637799E-03 4.96494726E-05
1.76327255E-01 3.72987903E-03 4.98292541E-05
1.77661619E-01 3.73078196E-03 4.85962923E-05
1.78995950E-01 3.65196618E-03 4.80113459E-05
1.80330247E-01 3.61313236E-03 4.86297283E-05
1.81664512E-01 3.64987011E-03 4.58530682E-05
1.82998743E-01 3.58703917E-03 4.63422982E-05
1.84332940E-01 3.44344190E-03 4.75121200E-05
1.85667104E-01 3.54412073E-03 4.86760376E-05
1.87001233E-01 3.50606689E-03 4.72468728E-05
1.88335327E-01 3.54407769E-03 5.06080537E-05
1.89669387E-01 3.51655445E-03 4.84658744E-05
1.91003412E-01 3.48336550E-03 4.86743465E-05
1.92337402E-01 3.42340091E-03 4.69478779E-05
1.93671356E-01 3.54759852E-03 4.71216060E-05
1.95005275E-01 3.42402009E-03 4.56047370E-05
1.96339157E-01 3.46467195E-03 4.86485287E-05
1.97673004E-01 3.40195295E-03 4.87895279E-05
1.99006814E-01 3.41009804E-03 4.82330826E-05
2.00340587E-01 3.39923052E-03 4.90710342E-05
2.01674324E-01 3.33908480E-03 4.86951725E-05
2.03008023E-01 3.32362305E-03 4.75423719E-05
2.04341685E-01 3.36896615E-03 4.80917230E-05
2.05675309E-01 3.33775860E-03 4.59072145E-05
2.07008895E-01 3.26542607E-03 4.68061854E-05
2.08342443E-01 3.31002995E-03 4.65047407E-05
2.09675953E-01 3.31965746E-03 4.57347285E-05
2.11009424E-01 3.28432071E-03 4.68265799E-05
2.12342856E-01 3.30365020E-03 4.61443234E-05
2.13676249E-01 3.33898319E-03 4.69840858E-05
2.15009603E-01 3.26910490E-03 4.55620808E-05
2.16342917E-01 3.34466624E-03 4.54531055E-05
2.17676192E-01 3.32265358E-03 4.49914748E-05
2.19009426E-01 3.17615700E-03 4.47489208E-05
2.20342620E-01 3.19712661E-03 4.34149122E-05
2.21675773E-01 3.18968251E-03 4.05786212E-05
2.23008885E-01 3.25876702E-03 4.44612675E-05
2.24341957E-01 3.14230387E-03 4.24868615E-05
2.25674987E-01 3.23605451E-03 4.30994183E-05
2.27007976E-01 3.20977119E-03 4.06263846E-05
2.28340922E-01 3.23796953E-03 4.22364129E-05
2.29673827E-01 3.17649885E-03 4.20539186E-05
2.31006689E-01 3.21977849E-03 4.09569501E-05
2.32339509E-01 3.19936142E-03 4.10012473E-05
2.33672286E-01 3.19486330E-03 4.23777695E-05
2.35005021E-01 3.12477085E-03 3.92147002E-05
2.36337711E-01 3.23213365E-03 4.29757443E-05
2.37670359E-01 3.17995333E-03 4.04131245E-05
2.39002962E-01 3.16334701E-03 4.15289070E-05
2.40335522E-01 3.16884501E-03 4.01774963E-05
2.41668037E-01 3.16388918E-03 3.93080752E-05
2.43000508E-01 3.16884127E-03 4.18295698E-05
2.44332934E-01 3.14681210E-03 4.09217856E-05
2.45665316E-01 3.21085007E-03 4.00383811E-05
2.46997652E-01 3.20734035E-03 3.95093939E-05
2.48329942E-01 3.16442300E-03 3.91549747E-05
2.49662187E-01 3.15196030E-03 4.03758323E-05
2.50994386E-01 3.13004524E-03 3.90579170E-05
2.52326539E-01 3.19810293E-03 3.97530973E-05
2.53658646E-01 3.15517911E-03 3.87249585E-05
2.54990705E-01 3.16879154E-03 3.86309987E-05
2.56322718E-01 3.18491495E-03 3.87042004E-05
2.57654684E-01 3.09981743E-03 3.79937003E-05
2.58986602E-01 3.15073137E-03 3.89841420E-05
2.60318473E-01 3.16706215E-03 3.87946163E-05
2.61650296E-01 3.09696001E-03 3.83141129E-05
2.62982071E-01 3.14771889E-03 3.76988927E-05
2.64313797E-01 3.18092220E-03 3.82696445E-05
2.65645475E-01 3.10467379E-03 3.76846715E-05
2.66977104E-01 3.15988927E-03 3.84614337E-05
2.68308684E-01 3.13563978E-03 3.69898760E-05
2.69640214E-01 3.17786843E-03 3.63544840E-05
2.70971695E-01 3.14274337E-03 3.64374935E-05
2.72303126E-01 3.19086389E-03 3.59971453E-05
2.73634508E-01 3.14763623E-03 3.81684472E-05
2.74965838E-01 3.12156835E-03 3.53728405E-05
2.76297119E-01 3.21087386E-03 3.61889705E-05
2.77628348E-01 3.12401199E-03 3.63345109E-05
2.78959527E-01 3.16797321E-03 3.63140635E-05
2.80290654E-01 3.19508618E-03 3.56935595E-05
2.81621730E-01 3.13338343E-03 3.55598852E-05
2.82952754E-01 3.08514814E-03 3.59713655E-05
2.84283726E-01 3.21104160E-03 3.73253290E-05
2.85614646E-01 3.15109558E-03 3.65373018E-05
2.86945514E-01 3.09982699E-03 3.52111197E-05
2.88276328E-01 3.16191470E-03 3.73290120E-05
2.89607090E-01 3.19572441E-03 3.81468924E-05
2.90937799E-01 3.17330507E-03 3.71479174E-05
2.92268454E-01 3.17031684E-03 3.70849790E-05
2.93599055E-01 3.18162562E-03 3.59624976E-05
2.94929603E-01 3.09529967E-03 3.68154733E-05
2.96260097E-01 3.03695323E-03 3.79602039E-05
2.97590536E-01 3.07598645E-03 3.57573088E-05
2.98920920E-01 3.19345292E-03 3.67277026E-05
3.00251250E-01 3.12088411E-03 3.57048092E-05
3.01581524E-01 3.08750342E-03 3.61883460E-05
3.02911743E-01 3.11401813E-03 3.62798060E-05
3.04241907E-01 3.11150688E-03 3.68674660E-05
3.05572015E-01 3.17142317E-03 3.58332312E-05
3.06902066E-01 3.15161629E-03 3.64870450E-05
3.08232062E-01 3.20624847E-03 3.78457846E-05
3.09562000E-01 3.14705345E-03 3.65713328E-05
3.10891882E-01 3.19549938E-03 3.64998878E-05
3.12221707E-01 3.14591835E-03 3.63686853E-05
3.13551475E-01 3.12690607E-03 3.60802401E-05
3.14881185E-01 3.20745227E-03 3.73484156E-05
3.16210838E-01 3.17472188E-03 3.70831724E-05
3.17540432E-01 3.17002532E-03 3.48325327E-05
3.18869968E-01 3.15295437E-03 3.82749459E-05
3.20199446E-01 3.17419976E-03 3.64902785E-05
3.21528865E-01 3.15172983E-03 3.62546484E-05
3.22858225E-01 3.10590052E-03 3.61087360E-05
3.24187526E-01 3.12756484E-03 3.62916426E-05
3.25516768E-01 3.09487338E-03 3.60795980E-05
3.26845949E-01 3.08506480E-03 3.63381222E-05
3.28175071E-01 3.14106074E-03 3.63479889E-05
3.29504133E-01 3.14615938E-03 3.74747838E-05
3.30833134E-01 3.09487045E-03 3.54136384E-05
3.32162075E-01 3.13523511E-03 3.59771356E-05
3.33490955E-01 3.09263755E-03 3.55404015E-05
3.34819774E-01 3.21061390E-03 3.67221802E-05
3.36148531E-01 3.18528812E-03 3.78568235E-05
3.37477227E-01 3.09399972E-03 3.69678559E-05
3.38805861E-01 3.14731598E-03 3.54370422E-05
3.40134433E-01 3.20092459E-03 3.67845529E-05
3.41462943E-01 3.11831504E-03 3.61334278E-05
3.42791390E-01 3.09319473E-03 3.56401371E-05
3.44119774E-01 3.14463945E-03 3.49337170E-05
3.45448095E-01 3.16473507E-03 3.69098079E-05
3.46776353E-01 3.20206214E-03 3.64231092E-05
3.48104548E-01 3.13193915E-03 3.58111826E-05
3.49432679E-01 3.18827214E-03 3.51219646E-05
3.50760746E-01 3.10165200E-03 3.68436464E-05
3.52088749E-01 3.15193411E-03 3.70189106E-05
3.53416687E-01 3.11369364E-03 3.57875308E-05
3.54744560E-01 3.21970843E-03 3.87752828E-05
3.56072369E-01 3.18184025E-03 3.71047322E-05
3.57400112E-01 3.24956528E-03 3.77430885E-05
3.58727791E-01 3.20579391E-03 3.84204529E-05
3.60055403E-01 3.19429910E-03 3.87620002E-05
3.61382950E-01 3.18011696E-03 3.92968683E-05
3.62710430E-01 3.12109714E-03 3.88312833E-05
3.64037844E-01 3.19437257E-03 3.97323282E-05
3.65365192E-01 3.17193414E-03 3.83089153E-05
3.66692473E-01 3.20268151E-03 3.84118931E-05
3.68019686E-01 3.14095715E-03 3.81901487E-05
3.69346833E-01 3.19728968E-03 4.03279344E-05
3.70673911E-01 3.20640349E-03 3.96588464E-05
3.72000922E-01 3.14666007E-03 3.98997924E-05
3.73327866E-01 3.17681326E-03 4.12510206E-05
3.74654740E-01 3.14126959E-03 4.02797086E-05
3.75981547E-01 3.17398559E-03 4.12610299E-05
3.77308284E-01 3.19706796E-03 4.24844049E-05
3.78634953E-01 3.10298365E-03 4.11644189E-05
3.79961552E-01 3.22131234E-03 4.07393581E-05
3.81288082E-01 3.14846444E-03 4.21568593E-05
3.82614543E-01 3.16608149E-03 4.32180966E-05
3.83940933E-01 3.17244248E-03 4.38311551E-05
3.85267254E-01 3.16968864E-03 4.24514773E-05
3.86593504E-01 3.14815792E-03 4.16242751E-05
3.87919683E-01 3.36570290E-03 4.36913633E-05
3.89245791E-01 3.24710657E-03 4.42078426E-05
3.90571829E-01 3.22862736E-03 4.41843618E-05
3.91897795E-01 3.19163479E-03 4.67020058E-05
3.93223690E-01 3.24643154E-03 4.48070800E-05
3.94549512E-01 3.17546946E-03 4.50104744E-05
3.95875263E-01 3.20121299E-03 4.41021914E-05
3.97200941E-01 3.16239011E-03 4.20896772E-05
3.98526547E-01 3.18275395E-03 4.42609211E-05
3.99852081E-01 3.25161517E-03 4.47939714E-05
4.01177541E-01 3.21871772E-03 4.56053425E-05
4.02502928E-01 3.16125635E-03 4.57171499E-05
4.03828242E-01 3.16300761E-03 4.50691076E-05
4.05153481E-01 3.18601730E-03 4.82170799E-05
4.06478647E-01 3.14289435E-03 4.51337060E-05
4.07803739E-01 3.16036669E-03 4.66242382E-05
4.09128757E-01 3.17692041E-03 4.71448878E-05
4.10453700E-01 3.21630192E-03 4.60523802E-05
4.11778568E-01 3.22629728E-03 4.63038727E-05
4.13103361E-01 3.13992327E-03 4.39678809E-05
4.14428078E-01 3.19629290E-03 4.61223494E-05
4.15752720E-01 3.22573093E-03 4.76509608E-05
4.17077287E-01 3.11807307E-03 4.69335959E-05
4.18401777E-01 3.12303732E-03 4.78265949E-05
4.19726191E-01 3.22534233E-03 4.99631729E-05
4.21050528E-01 3.18478651E-03 4.81510469E-05
4.22374789E-01 3.17028438E-03 4.74076784E-05
4.23698973E-01 3.21117704E-03 4.80963709E-05
4.25023079E-01 3.17748033E-03 4.92559971E-05
4.26347108E-01 3.14530585E-03 4.92086961E-05
4.27671060E-01 3.20213289E-03 4.96934637E-05
4.28994934E-01 3.14945259E-03 4.98904745E-05
4.30318729E-01 3.22153873E-03 4.81041641E-05
4.31642446E-01 3.18224590E-03 5.06316750E-05
4.32966085E-01 3.26794905E-03 4.79925324E-05
4.34289644E-01 3.21872642E-03 4.80893578E-05
4.35613125E-01 3.19079307E-03 4.93566375E-05
4.36936526E-01 3.09555639E-03 4.75062597E-05
4.38259848E-01 3.26634719E-03 4.88181185E-05
4.39583090E-01 3.09998162E-03 4.85893966E-05
4.40906252E-01 3.20568289E-03 4.80913100E-05
4.42229334E-01 3.14331990E-03 5.02551078E-05
4.43552335E-01 3.15071254E-03 4.67715752E-05
4.44875255E-01 3.18241198E-03 4.96976986E-05
4.46198095E-01 3.23213902E-03 4.91170697E-05
4.47520853E-01 3.17014493E-03 4.77517844E-05
4.48843531E-01 3.11342566E-03 4.91141070E-05
4.50166126E-01 3.28667000E-03 5.25685745E-05
4.51488640E-01 3.21920684E-03 5.00068418E-05
4.52811071E-01 3.13084920E-03 5.21383735E-05
4.54133420E-01 3.13599439E-03 5.17020808E-05
4.55455687E-01 3.18572624E-03 5.09558989E-05
4.56777871E-01 3.18796881E-03 5.34638334E-05
4.58099971E-01 3.30854240E-03 5.25904712E-05
4.59421989E-01 3.20667538E-03 5.33706959E-05
4.60743923E-01 3.19107632E-03 5.09384220E-05
4.62065773E-01 3.16982383E-03 5.26068887E-05
4.63387539E-01 3.16905348E-03 5.14818588E-05
4.64709222E-01 3.21259028E-03 5.45197269E-05
4.66030819E-01 3.20591278E-03 5.63854218E-05
4.67352332E-01 3.21802188E-03 6.06717573E-05
4.68673761E-01 3.20544789E-03 5.71009597E-05
4.69995104E-01 3.14023318E-03 5.95750177E-05
4.71316361E-01 3.17333041E-03 6.29769326E-05
4.72637534E-01 3.17034997E-03 6.02597426E-05
4.73958620E-01 3.19608111E-03 6.46025492E-05
4.75279620E-01 3.10500893E-03 6.08638127E-05
4.76600534E-01 3.25416510E-03 6.50429642E-05
4.77921362E-01 3.17795035E-03 6.78223193E-05
4.79242103E-01 3.35669070E-03 6.53816630E-05
4.80562757E-01 3.09288526E-03 6.83148539E-05
4.81883323E-01 3.18916360E-03 6.30144484E-05
4.83203803E-01 3.28492467E-03 7.00006752E-05
4.84524194E-01 3.20275484E-03 7.19387100E-05
4.85844498E-01 3.23571214E-03 7.25058735E-05
4.87164714E-01 3.26769259E-03 6.86328870E-05
4.88484841E-01 3.23503118E-03 7.51665014E-05
4.89804880E-01 3.29900897E-03 7.86493155E-05
4.91124830E-01 3.36874661E-03 7.56542768E-05
4.92444691E-01 3.16105509E-03 7.73077314E-05
4.93764462E-01 3.08578697E-03 7.53349570E-05
4.95084144E-01 3.29545846E-03 8.32390696E-05
4.96403737E-01 3.37972495E-03 7.74530427E-05
4.97723239E-01 3.18088641E-03 7.84349943E-05
4.99042652E-01 3.36916779E-03 8.78256051E-05
5.00361973E-01 3.14223401E-03 7.93571984E-05
5.01681205E-01 3.36869156E-03 8.23996156E-05
5.03000345E-01 3.30095759E-03 8.65164850E-05
5.04319394E-01 3.30085898E-03 8.50668263E-05
5.05638352E-01 3.32682556E-03 8.18485073E-05
5.06957219E-01 3.33183449E-03 9.19597694E-05
5.08275993E-01 3.15043649E-03 8.31927274E-05
5.09594676E-01 3.31739723E-03 9.03208272E-05
5.10913266E-01 3.32793450E-03 9.44732774E-05
5.12231764E-01 3.41497573E-03 9.62189598E-05
5.13550170E-01 3.24822378E-03 1.01501904E-04
5.14868482E-01 3.50535022E-03 1.03704393E-04
5.16186701E-01 3.41798569E-03 9.71652301E-05
5.17504827E-01 3.25743712E-03 1.07600266E-04
5.18822859E-01 3.17553984E-03 1.06329955E-04
5.20140797E-01 3.22865565E-03 1.01827767E-04
5.21458641E-01 3.05159353E-03 9.89627245E-05
5.22776391E-01 3.42237801E-03 1.17929352E-04
5.24094047E-01 3.33767610E-03 9.95497918E-05
5.25411608E-01 3.25359265E-03 1.16858213E-04
5.26729073E-01 3.12837006E-03 1.03480591E-04
5.28046444E-01 3.30756681E-03 1.11022504E-04
5.29363719E-01 3.29278535E-03 1.15887525E-04
5.30680898E-01 3.22103424E-03 1.05385602E-04
5.31997982E-01 3.09162714E-03 1.13762110E-04
5.33314969E-01 3.32483610E-03 1.22031629E-04
5.34631861E-01 3.25115882E-03 1.26090652E-04
5.35948655E-01 3.03602778E-03 1.24821221E-04
5.37265353E-01 3.39573508E-03 1.39424169E-04
5.38581954E-01 3.01523993E-03 1.23116456E-04
5.39898457E-01 3.31756055E-03 1.45511306E-04
5.41214863E-01 3.43088857E-03 1.16072233E-04
5.42531172E-01 3.39404254E-03 1.58015689E-04
5.43847382E-01 3.39437974E-03 1.80277554E-04
5.45163494E-01 3.13621891E-03 1.68368751E-04
5.46479508E-01 3.46420537E-03 1.58400603E-04
5.47795424E-01 3.47087007E-03 1.62616208E-04
5.49111240E-01 3.32949355E-03 1.66616026E-04
5.50426957E-01 3.37569368E-03 1.51206844E-04
5.51742576E-01 3.43741629E-03 1.81063612E-04
5.53058094E-01 3.55375687E-03 2.23934684E-04
5.54373513E-01 3.29890539E-03 1.73853912E-04
5.55688832E-01 3.51910013E-03 2.05977068E-04
5.57004051E-01 3.30564973E-03 1.78984425E-04
5.58319169E-01 3.36550897E-03 2.19062248E-04
5.59634187E-01 3.30079047E-03 1.79090870E-04
5.60949104E-01 3.11102572E-03 2.14145614E-04
5.62263920E-01 3.22107973E-03 2.66523148E-04
5.63578635E-01 3.41252348E-03 2.27755630E-04
5.64893248E-01 3.98143664E-03 2.64356664E-04
5.66207759E-01 3.49384294E-03 1.57393286E-04
5.67522168E-01 2.96755005E-03 2.22612749E-04
5.68836475E-01 3.27948331E-03 2.36387997E-04
5.70150680E-01 3.37768810E-03 2.34234693E-04
5.71464782E-01 3.57602492E-03 3.38334293E-04
5.72778781E-01 3.66266824E-03 2.66933745E-04
5.74092677E-01 3.28085341E-03 3.36968201E-04
5.75406470E-01 3.30877105E-03 2.63649188E-04
5.76720159E-01 3.46287636E-03 3.92028439E-04
5.78033745E-01 4.46165366E-03 2.42681966E-04
5.79347226E-01 3.47530917E-03 2.98413810E-04
5.80660603E-01 3.60440621E-03 5.25112502E-04


### HEADER:

{
    "analysis": {
        "uvvis": {
            "UVDarkTransmission": 193.225, 
            "UVPathlength": 1.5, 
            "UVTransmission": 511.325
        }
    }, 
    "calibration_params": {
        "Beam_Center_X": 353.270665166, 
        "Beam_Center_Y": 218.565552071, 
        "Detector_Pixel_Size": 0.172, 
        "Radial_Average_Method": "RAW", 
        "Sample_Detector_Distance": 600.0, 
        "Wavelength": 1.34765431953
    }, 
    "config_file": null, 
    "counters": {}, 
    "filename": "02702_F3-T1_lys_4_001.tiff", 
    "history": {}, 
    "imageHeader": {
        "AFTER": 165663570.0, 
        "BEFORE": 165663570.0, 
        "IC": 165663570.0, 
        "Img.ImgType": "2D", 
        "Img.Site": "TUM", 
        "aquire_timestamp": "Tue Dec 17 09:56:13 2019", 
        "beam_x": 352.87, 
        "beam_y": 217.69, 
        "beamcenter_actual": "352.87    217.69", 
        "beamcenter_nominal": "352.87    217.69", 
        "bstop": 98.0, 
        "calibrationtype": "geom", 
        "configuraton_number": 2.0, 
        "data_added_constant": 0.0, 
        "data_multiplied_constant": 1.0, 
        "datatype": "tiff", 
        "det_count_cutoff": 1147717.0, 
        "det_excluded_pixels": "badpix_mask.tif", 
        "det_exposure_period": 124.0, 
        "det_exposure_time": 120.0, 
        "det_flat_field": "FF_p3-0304_E8048_T4024_vrf_m0p100.tif", 
        "det_n_excluded_pixels": 11.0, 
        "det_pixel_size": "172e-6 172e-6", 
        "det_tau": 0.0, 
        "det_thickness": 0.00032, 
        "det_threshold_setting": 4024.0, 
        "det_trim_directory": "p3-0304_E8048_T4024.bin", 
        "detector_dist": 605.2981, 
        "detector_function": "saxs", 
        "detector_sn": "dec1442", 
        "detectortype": "Pilatus", 
        "detx": 524.998096, 
        "dety": 2.755937, 
        "detz": 0.0, 
        "error_norm_fact": 1.0, 
        "exposure_time": 120.0, 
        "flatfield_applied": 1.0, 
        "hg1": 1.5, 
        "hg2": 0.8, 
        "hp1": 0.0, 
        "hp2": -0.0, 
        "integration_time": 120.0, 
        "livetime": 120.0, 
        "log": "log", 
        "pd": -0.000125, 
        "photons_per_100adu": 100.0, 
        "pixelsize": "0.172 0.172", 
        "pixelsize_x": 172.0, 
        "pixelsize_y": 172.0, 
        "reduction_type": "s", 
        "sample_angle1": 0.0, 
        "sample_bio_cell_temp": 25.0, 
        "sample_bio_code": "None", 
        "sample_bio_run_number": 1.0, 
        "sample_bio_uv_dark": 193.225, 
        "sample_bio_uv_pathlength": 1.5, 
        "sample_bio_uv_trans": 511.325, 
        "sample_temp": 24.99, 
        "sample_transfact": 1.0, 
        "sample_ypos": 1.5, 
        "sample_zpos": 0.0, 
        "saturated_value": 1147717.0, 
        "saxsconf_Ieff": 1.0, 
        "saxsconf_Imon": 165663570.0, 
        "saxsconf_Izero": 165663570.0, 
        "saxsconf_det_offx": 0.0, 
        "saxsconf_det_offy": 0.0, 
        "saxsconf_det_pixsizey": 0.172, 
        "saxsconf_det_pixsizez": 0.172, 
        "saxsconf_det_rotx": 0.0, 
        "saxsconf_det_roty": 0.0, 
        "saxsconf_dwavelength": 0.004, 
        "saxsconf_l1": 725.0, 
        "saxsconf_l2": 400.0, 
        "saxsconf_l3": 200.0, 
        "saxsconf_r1": 0.75, 
        "saxsconf_r2": 0.4, 
        "saxsconf_r3": 0.75, 
        "saxsconf_wavelength": 1.3414, 
        "solz": 0.0, 
        "source_kV": 0.0, 
        "source_ma": 0.0, 
        "source_type": "EXCILLUMMETALJET", 
        "start_timestamp": "Tue Dec 17 09:56:13 2019", 
        "thsam": 0.0, 
        "vg1": 1.5, 
        "vg2": 0.8, 
        "vp1": 0.0, 
        "vp2": 0.0, 
        "wavelength": 1.3414, 
        "xaxisbintype": "lin", 
        "zinger_removal": 0.0, 
        "zsam": 0.0
    }, 
    "load_path": "/home/saxslab/BIODATA/Raw/02702_F3-T1_lys_4_001.tiff", 
    "normalizations": {
        "Counter_norms": [
            [
                "/", 
                "exposure_time"
            ], 
            [
                "/", 
                "saxsconf_Izero/1e7"
            ]
        ], 
        "Solid_Angle_Correction": "On"
    }, 
    "raw_version": "1.4.2 (BioXolver version)"
}

