### DATA:

         Q               I              Error
430
1.06922151E-02 2.33815657E-02 2.30839175E-03
1.20287357E-02 1.67363137E-02 1.75284376E-03
1.33652541E-02 1.17098543E-02 6.24205185E-04
1.47017700E-02 9.66748574E-03 3.99528873E-04
1.60382831E-02 8.20378603E-03 2.93185457E-04
1.73747933E-02 6.93203051E-03 2.30916640E-04
1.87113003E-02 6.92928630E-03 2.39928009E-04
2.00478039E-02 6.55412389E-03 2.03250157E-04
2.13843037E-02 6.85723238E-03 2.27640923E-04
2.27207996E-02 5.92804516E-03 1.87185441E-04
2.40572913E-02 5.92063083E-03 1.81925178E-04
2.53937785E-02 5.55820870E-03 1.60874805E-04
2.67302610E-02 5.54212156E-03 1.36996981E-04
2.80667386E-02 5.33808092E-03 1.51155392E-04
2.94032110E-02 5.28435088E-03 1.39861443E-04
3.07396780E-02 5.27474108E-03 1.30159016E-04
3.20761393E-02 4.98134967E-03 1.28773675E-04
3.34125946E-02 4.96293020E-03 1.19399719E-04
3.47490438E-02 5.19147057E-03 1.30613939E-04
3.60854865E-02 5.02778262E-03 1.17661957E-04
3.74219226E-02 5.27812716E-03 1.32656261E-04
3.87583518E-02 5.04968045E-03 1.09756299E-04
4.00947738E-02 4.76131172E-03 1.07236092E-04
4.14311883E-02 4.64100824E-03 9.71947568E-05
4.27675953E-02 4.60370839E-03 9.55225702E-05
4.41039943E-02 4.87017026E-03 1.10058820E-04
4.54403851E-02 4.63837202E-03 1.06715766E-04
4.67767676E-02 4.69675626E-03 1.01313621E-04
4.81131414E-02 4.80043706E-03 9.51109899E-05
4.94495063E-02 4.77871449E-03 9.49546661E-05
5.07858621E-02 4.59866089E-03 9.02426599E-05
5.21222085E-02 4.67703580E-03 1.04032698E-04
5.34585452E-02 4.68463505E-03 9.91424865E-05
5.47948721E-02 4.47036040E-03 8.62565373E-05
5.61311889E-02 4.55129785E-03 9.48600806E-05
5.74674952E-02 4.58937936E-03 9.05818587E-05
5.88037910E-02 4.43737029E-03 8.76061832E-05
6.01400758E-02 4.46828206E-03 8.50817097E-05
6.14763496E-02 4.59722295E-03 9.44249713E-05
6.28126120E-02 4.49586005E-03 8.65665520E-05
6.41488628E-02 4.51039285E-03 8.25217534E-05
6.54851017E-02 4.32841961E-03 9.11745216E-05
6.68213285E-02 4.50854353E-03 8.58492297E-05
6.81575430E-02 4.31770279E-03 9.00412464E-05
6.94937449E-02 4.35564421E-03 8.20336620E-05
7.08299339E-02 4.41680252E-03 8.51811617E-05
7.21661098E-02 4.19710481E-03 8.94320597E-05
7.35022724E-02 4.23295867E-03 8.69529009E-05
7.48384215E-02 4.43646120E-03 8.29854970E-05
7.61745566E-02 4.22492286E-03 8.45166673E-05
7.75106778E-02 4.32852085E-03 8.50296780E-05
7.88467845E-02 4.10701392E-03 8.79995183E-05
8.01828767E-02 4.21693642E-03 8.19499173E-05
8.15189541E-02 4.14846112E-03 8.11708643E-05
8.28550165E-02 4.21535177E-03 8.06971628E-05
8.41910635E-02 4.10465108E-03 7.56756807E-05
8.55270949E-02 3.98837604E-03 7.90591129E-05
8.68631106E-02 4.01023285E-03 8.33782820E-05
8.81991102E-02 4.11775799E-03 7.89824549E-05
8.95350935E-02 4.14703072E-03 7.82091551E-05
9.08710603E-02 4.01160410E-03 8.23700282E-05
9.22070102E-02 4.06871762E-03 7.76154586E-05
9.35429432E-02 4.05025455E-03 7.67333299E-05
9.48788588E-02 4.11411381E-03 7.54338518E-05
9.62147569E-02 4.00628913E-03 7.42612408E-05
9.75506373E-02 4.02483409E-03 7.89345774E-05
9.88864996E-02 4.01014305E-03 7.77810676E-05
1.00222344E-01 3.93771558E-03 7.60436413E-05
1.01558169E-01 3.92098857E-03 7.11177847E-05
1.02893976E-01 3.96197354E-03 7.48551301E-05
1.04229764E-01 3.84384146E-03 6.83620672E-05
1.05565532E-01 3.88668552E-03 7.29482005E-05
1.06901281E-01 3.93118179E-03 6.67986461E-05
1.08237011E-01 3.86904561E-03 6.39826896E-05
1.09572720E-01 3.94373593E-03 6.59662322E-05
1.10908409E-01 3.76274197E-03 6.59847113E-05
1.12244077E-01 3.76286856E-03 6.77496190E-05
1.13579725E-01 3.86728712E-03 6.35962745E-05
1.14915352E-01 3.82260690E-03 6.24685234E-05
1.16250958E-01 3.77072692E-03 6.34554940E-05
1.17586542E-01 3.83870974E-03 6.46337854E-05
1.18922104E-01 3.76059012E-03 6.12478508E-05
1.20257645E-01 3.69542279E-03 6.06068986E-05
1.21593163E-01 3.73905938E-03 6.07620479E-05
1.22928659E-01 3.67967219E-03 6.18304454E-05
1.24264132E-01 3.64473027E-03 5.80806353E-05
1.25599582E-01 3.69929602E-03 6.02947021E-05
1.26935009E-01 3.67216751E-03 5.91665022E-05
1.28270412E-01 3.62844810E-03 5.37022247E-05
1.29605792E-01 3.67451378E-03 5.79783412E-05
1.30941148E-01 3.71766642E-03 5.72248644E-05
1.32276480E-01 3.57175642E-03 5.79699209E-05
1.33611787E-01 3.63698313E-03 5.80453937E-05
1.34947070E-01 3.61641222E-03 5.68404218E-05
1.36282327E-01 3.56909763E-03 5.68705416E-05
1.37617560E-01 3.58863713E-03 5.50765642E-05
1.38952767E-01 3.56668101E-03 5.89954430E-05
1.40287948E-01 3.45796181E-03 5.42053545E-05
1.41623104E-01 3.56089557E-03 5.72157354E-05
1.42958234E-01 3.52553434E-03 5.39283105E-05
1.44293337E-01 3.44069625E-03 5.31650578E-05
1.45628413E-01 3.40772340E-03 5.06861146E-05
1.46963463E-01 3.45598857E-03 5.02341502E-05
1.48298485E-01 3.46445465E-03 5.46560077E-05
1.49633480E-01 3.43622278E-03 5.32807226E-05
1.50968447E-01 3.39287184E-03 5.07615859E-05
1.52303387E-01 3.36832503E-03 5.26572614E-05
1.53638298E-01 3.44579763E-03 5.08286682E-05
1.54973182E-01 3.36962345E-03 5.22446161E-05
1.56308036E-01 3.47612550E-03 5.30276845E-05
1.57642862E-01 3.43003764E-03 5.11588394E-05
1.58977658E-01 3.38503683E-03 5.16368564E-05
1.60312426E-01 3.44856570E-03 4.74222182E-05
1.61647163E-01 3.42669615E-03 5.06510975E-05
1.62981871E-01 3.40757119E-03 5.08922062E-05
1.64316549E-01 3.35012822E-03 4.96861166E-05
1.65651196E-01 3.40097056E-03 4.89602325E-05
1.66985813E-01 3.32706179E-03 4.71942570E-05
1.68320399E-01 3.38488072E-03 4.77784580E-05
1.69654954E-01 3.38175504E-03 4.93179502E-05
1.70989478E-01 3.31841609E-03 4.78275997E-05
1.72323970E-01 3.29219328E-03 4.73610916E-05
1.73658431E-01 3.31919888E-03 4.44644120E-05
1.74992859E-01 3.30599804E-03 4.40814269E-05
1.76327255E-01 3.26917424E-03 4.66853115E-05
1.77661619E-01 3.30013906E-03 4.57407507E-05
1.78995950E-01 3.28721332E-03 4.56198963E-05
1.80330247E-01 3.29246828E-03 4.49825946E-05
1.81664512E-01 3.27835615E-03 4.64473112E-05
1.82998743E-01 3.27922509E-03 4.65935226E-05
1.84332940E-01 3.21117985E-03 4.63068845E-05
1.85667104E-01 3.20053683E-03 4.65598942E-05
1.87001233E-01 3.28188034E-03 4.54718812E-05
1.88335327E-01 3.26809815E-03 4.52425683E-05
1.89669387E-01 3.15650686E-03 4.52789591E-05
1.91003412E-01 3.26692560E-03 4.58976071E-05
1.92337402E-01 3.16139210E-03 4.54292786E-05
1.93671356E-01 3.19373422E-03 4.62794851E-05
1.95005275E-01 3.17030712E-03 4.56589067E-05
1.96339157E-01 3.21764144E-03 4.70441921E-05
1.97673004E-01 3.29370894E-03 4.56300329E-05
1.99006814E-01 3.16216087E-03 4.56429964E-05
2.00340587E-01 3.18435983E-03 4.56619428E-05
2.01674324E-01 3.22488999E-03 4.65665657E-05
2.03008023E-01 3.15816366E-03 4.60079703E-05
2.04341685E-01 3.22261053E-03 4.56377990E-05
2.05675309E-01 3.27690699E-03 4.63333588E-05
2.07008895E-01 3.12760520E-03 4.50283188E-05
2.08342443E-01 3.17571223E-03 4.54881028E-05
2.09675953E-01 3.18656900E-03 4.56675668E-05
2.11009424E-01 3.16606915E-03 4.69223340E-05
2.12342856E-01 3.16010673E-03 4.39565683E-05
2.13676249E-01 3.17908353E-03 4.55631665E-05
2.15009603E-01 3.24285961E-03 4.40623862E-05
2.16342917E-01 3.09993859E-03 4.28997303E-05
2.17676192E-01 3.19003554E-03 4.22915570E-05
2.19009426E-01 3.21771129E-03 4.17151487E-05
2.20342620E-01 3.16697091E-03 4.23881665E-05
2.21675773E-01 3.14748200E-03 4.20905029E-05
2.23008885E-01 3.14762471E-03 4.23323312E-05
2.24341957E-01 3.09342676E-03 4.14630618E-05
2.25674987E-01 3.15655990E-03 4.35377112E-05
2.27007976E-01 3.08714065E-03 4.20067310E-05
2.28340922E-01 3.08772236E-03 4.22009335E-05
2.29673827E-01 3.16559549E-03 4.22606712E-05
2.31006689E-01 3.25464643E-03 4.14032062E-05
2.32339509E-01 3.17176990E-03 4.11064821E-05
2.33672286E-01 3.20829997E-03 4.07018723E-05
2.35005021E-01 3.13390819E-03 4.17543452E-05
2.36337711E-01 3.17484118E-03 4.14730273E-05
2.37670359E-01 3.09329731E-03 3.93253871E-05
2.39002962E-01 3.10155225E-03 3.91786478E-05
2.40335522E-01 3.09944939E-03 3.98730614E-05
2.41668037E-01 3.13491275E-03 4.10126014E-05
2.43000508E-01 3.17366394E-03 4.07170558E-05
2.44332934E-01 3.09919723E-03 3.90331744E-05
2.45665316E-01 3.14164555E-03 3.90392888E-05
2.46997652E-01 3.07734314E-03 3.80962617E-05
2.48329942E-01 3.14600091E-03 3.87037774E-05
2.49662187E-01 3.13372200E-03 3.74054364E-05
2.50994386E-01 3.09363150E-03 3.84506606E-05
2.52326539E-01 3.11976517E-03 3.88974901E-05
2.53658646E-01 3.17954529E-03 3.89257400E-05
2.54990705E-01 3.15574966E-03 3.73121196E-05
2.56322718E-01 3.17306765E-03 3.82801880E-05
2.57654684E-01 3.16110306E-03 3.84122992E-05
2.58986602E-01 3.10605440E-03 3.75142567E-05
2.60318473E-01 3.17929483E-03 3.81603920E-05
2.61650296E-01 3.12232796E-03 3.78356812E-05
2.62982071E-01 3.10033731E-03 3.96540053E-05
2.64313797E-01 3.13365813E-03 3.81943354E-05
2.65645475E-01 3.09735354E-03 3.62288187E-05
2.66977104E-01 3.12624224E-03 3.69450328E-05
2.68308684E-01 3.10710742E-03 3.60620425E-05
2.69640214E-01 3.07808684E-03 3.71365969E-05
2.70971695E-01 3.13717946E-03 3.59702665E-05
2.72303126E-01 3.07696339E-03 3.54706328E-05
2.73634508E-01 3.05047628E-03 3.75241187E-05
2.74965838E-01 3.07939347E-03 3.68272233E-05
2.76297119E-01 3.19990887E-03 3.75830264E-05
2.77628348E-01 3.12579495E-03 3.59288649E-05
2.78959527E-01 3.14546939E-03 3.73070990E-05
2.80290654E-01 3.19202983E-03 3.72644507E-05
2.81621730E-01 3.15547240E-03 3.56553709E-05
2.82952754E-01 3.03709579E-03 3.50546733E-05
2.84283726E-01 3.10360493E-03 3.60064909E-05
2.85614646E-01 3.11364571E-03 3.55833621E-05
2.86945514E-01 3.16789579E-03 3.46547026E-05
2.88276328E-01 3.13805381E-03 3.59258289E-05
2.89607090E-01 3.07557974E-03 3.70827827E-05
2.90937799E-01 3.12890875E-03 3.68816245E-05
2.92268454E-01 3.14838457E-03 3.82764415E-05
2.93599055E-01 3.05600241E-03 3.51975695E-05
2.94929603E-01 3.07189426E-03 3.63882212E-05
2.96260097E-01 3.07038002E-03 3.56415816E-05
2.97590536E-01 3.11590196E-03 3.77783576E-05
2.98920920E-01 3.17030713E-03 3.61932446E-05
3.00251250E-01 3.06628257E-03 3.52723915E-05
3.01581524E-01 3.12726692E-03 3.66579165E-05
3.02911743E-01 3.09241740E-03 3.48269426E-05
3.04241907E-01 3.05334091E-03 3.65271768E-05
3.05572015E-01 3.14246960E-03 3.75704018E-05
3.06902066E-01 3.09956954E-03 3.65007751E-05
3.08232062E-01 3.13033730E-03 3.70349337E-05
3.09562000E-01 3.11832832E-03 3.74422848E-05
3.10891882E-01 3.11735487E-03 3.52878544E-05
3.12221707E-01 3.18371201E-03 3.68035479E-05
3.13551475E-01 3.13381158E-03 3.56902850E-05
3.14881185E-01 3.12294798E-03 3.49595437E-05
3.16210838E-01 3.11340165E-03 3.66724174E-05
3.17540432E-01 3.14860789E-03 3.55360953E-05
3.18869968E-01 3.08473921E-03 3.50705845E-05
3.20199446E-01 3.13546451E-03 3.62653767E-05
3.21528865E-01 3.13043729E-03 3.65854498E-05
3.22858225E-01 3.11647987E-03 3.63245824E-05
3.24187526E-01 3.13999076E-03 3.65406183E-05
3.25516768E-01 3.14845794E-03 3.63787477E-05
3.26845949E-01 3.13514494E-03 3.64415359E-05
3.28175071E-01 3.15334977E-03 3.53524721E-05
3.29504133E-01 3.16283305E-03 3.62780244E-05
3.30833134E-01 3.12406144E-03 3.60593820E-05
3.32162075E-01 3.13828347E-03 3.62288730E-05
3.33490955E-01 3.17031161E-03 3.68856840E-05
3.34819774E-01 3.11528115E-03 3.63498368E-05
3.36148531E-01 3.14950083E-03 3.68111553E-05
3.37477227E-01 3.13864450E-03 3.59594128E-05
3.38805861E-01 3.17322083E-03 3.53586887E-05
3.40134433E-01 3.12857917E-03 3.53768356E-05
3.41462943E-01 3.07513172E-03 3.53438109E-05
3.42791390E-01 3.16356988E-03 3.61855764E-05
3.44119774E-01 3.18269814E-03 3.54093165E-05
3.45448095E-01 3.15805250E-03 3.59689356E-05
3.46776353E-01 3.15125096E-03 3.56227312E-05
3.48104548E-01 3.12976425E-03 3.47119433E-05
3.49432679E-01 3.13325259E-03 3.53614232E-05
3.50760746E-01 3.10564033E-03 3.42029373E-05
3.52088749E-01 3.06598868E-03 3.75628503E-05
3.53416687E-01 3.15526711E-03 3.62968010E-05
3.54744560E-01 3.12578752E-03 3.63103172E-05
3.56072369E-01 3.16682215E-03 3.82404152E-05
3.57400112E-01 3.14943214E-03 3.71599401E-05
3.58727791E-01 3.10794330E-03 3.87656390E-05
3.60055403E-01 3.14125751E-03 3.91692049E-05
3.61382950E-01 3.15848217E-03 3.84404245E-05
3.62710430E-01 3.15118584E-03 3.71051713E-05
3.64037844E-01 3.19247554E-03 3.89919276E-05
3.65365192E-01 3.11505451E-03 3.93582374E-05
3.66692473E-01 3.14181962E-03 3.74901369E-05
3.68019686E-01 3.06774066E-03 3.96169562E-05
3.69346833E-01 3.19506451E-03 3.93011042E-05
3.70673911E-01 3.10527950E-03 4.05622946E-05
3.72000922E-01 3.09262365E-03 3.98192968E-05
3.73327866E-01 3.15799548E-03 4.09984108E-05
3.74654740E-01 3.23274973E-03 4.13520072E-05
3.75981547E-01 3.15671589E-03 4.08026973E-05
3.77308284E-01 3.13753072E-03 4.16517713E-05
3.78634953E-01 3.17835134E-03 4.29078062E-05
3.79961552E-01 3.06755879E-03 3.94177645E-05
3.81288082E-01 3.13995703E-03 4.22211177E-05
3.82614543E-01 3.07252143E-03 4.23787779E-05
3.83940933E-01 3.20076152E-03 4.16971442E-05
3.85267254E-01 3.19824565E-03 4.19276348E-05
3.86593504E-01 3.12931325E-03 4.29319265E-05
3.87919683E-01 3.14816499E-03 4.08013179E-05
3.89245791E-01 3.11163277E-03 4.29431275E-05
3.90571829E-01 3.19342803E-03 4.27784241E-05
3.91897795E-01 3.14348691E-03 4.38090858E-05
3.93223690E-01 3.15259964E-03 4.47330425E-05
3.94549512E-01 3.17552350E-03 4.43294628E-05
3.95875263E-01 3.11968110E-03 4.31472269E-05
3.97200941E-01 3.16746727E-03 4.51086420E-05
3.98526547E-01 3.15471374E-03 4.34405048E-05
3.99852081E-01 3.09385178E-03 4.33292400E-05
4.01177541E-01 3.11252049E-03 4.33485954E-05
4.02502928E-01 3.13656777E-03 4.32167685E-05
4.03828242E-01 3.16322678E-03 4.43571036E-05
4.05153481E-01 3.07192060E-03 4.40924255E-05
4.06478647E-01 3.06242339E-03 4.29695582E-05
4.07803739E-01 3.13592438E-03 4.52362066E-05
4.09128757E-01 3.19307858E-03 4.57237270E-05
4.10453700E-01 3.15782036E-03 4.46373418E-05
4.11778568E-01 3.17226271E-03 4.46849162E-05
4.13103361E-01 3.22436567E-03 4.71483381E-05
4.14428078E-01 3.22498635E-03 4.56074322E-05
4.15752720E-01 3.17528562E-03 4.62915543E-05
4.17077287E-01 3.14027656E-03 4.58608795E-05
4.18401777E-01 3.19736341E-03 4.61002330E-05
4.19726191E-01 3.16058283E-03 4.78190575E-05
4.21050528E-01 3.22453900E-03 4.57397862E-05
4.22374789E-01 3.18937629E-03 4.62793038E-05
4.23698973E-01 3.21366344E-03 4.78454507E-05
4.25023079E-01 3.24150103E-03 4.87657052E-05
4.26347108E-01 3.13935765E-03 4.66255578E-05
4.27671060E-01 3.15649332E-03 4.71291660E-05
4.28994934E-01 3.16302753E-03 4.70593967E-05
4.30318729E-01 3.15812979E-03 4.81124504E-05
4.31642446E-01 3.09890096E-03 4.64498652E-05
4.32966085E-01 3.19751709E-03 4.87077246E-05
4.34289644E-01 3.20490079E-03 4.66831756E-05
4.35613125E-01 3.16708954E-03 4.90749837E-05
4.36936526E-01 3.19028073E-03 4.67782983E-05
4.38259848E-01 3.20406279E-03 5.12256376E-05
4.39583090E-01 3.26835910E-03 4.82729602E-05
4.40906252E-01 3.25649767E-03 4.95763292E-05
4.42229334E-01 3.13765270E-03 4.77254823E-05
4.43552335E-01 3.19287595E-03 4.70680362E-05
4.44875255E-01 3.17360732E-03 5.15381630E-05
4.46198095E-01 3.23677267E-03 4.79113070E-05
4.47520853E-01 3.20079856E-03 5.29285727E-05
4.48843531E-01 3.19425737E-03 5.11959960E-05
4.50166126E-01 3.21380139E-03 5.18259313E-05
4.51488640E-01 3.13354427E-03 5.29931882E-05
4.52811071E-01 3.16004898E-03 5.20198425E-05
4.54133420E-01 3.22341709E-03 5.45219583E-05
4.55455687E-01 3.15959564E-03 5.12807435E-05
4.56777871E-01 3.13951034E-03 4.85825251E-05
4.58099971E-01 3.17825977E-03 5.13835658E-05
4.59421989E-01 3.25510990E-03 5.64656158E-05
4.60743923E-01 3.24761124E-03 5.29506652E-05
4.62065773E-01 3.22401699E-03 5.25589635E-05
4.63387539E-01 3.15758315E-03 5.28239020E-05
4.64709222E-01 3.29673241E-03 5.41037610E-05
4.66030819E-01 3.22868175E-03 5.73902821E-05
4.67352332E-01 3.24884101E-03 5.81663927E-05
4.68673761E-01 3.24643801E-03 5.67216087E-05
4.69995104E-01 3.21425944E-03 6.06795187E-05
4.71316361E-01 3.28280815E-03 5.85064224E-05
4.72637534E-01 3.15531426E-03 6.05172007E-05
4.73958620E-01 3.22829711E-03 5.94510357E-05
4.75279620E-01 3.26188776E-03 5.90939743E-05
4.76600534E-01 3.24946157E-03 6.40459931E-05
4.77921362E-01 3.20148953E-03 6.41988248E-05
4.79242103E-01 3.26297395E-03 6.39957811E-05
4.80562757E-01 3.30340218E-03 6.65239674E-05
4.81883323E-01 3.35476375E-03 7.23536617E-05
4.83203803E-01 3.24831638E-03 6.65499540E-05
4.84524194E-01 3.16555999E-03 6.72620072E-05
4.85844498E-01 3.21170803E-03 6.73295875E-05
4.87164714E-01 3.17701848E-03 7.46651229E-05
4.88484841E-01 3.20823976E-03 7.45199950E-05
4.89804880E-01 3.20632017E-03 7.45606985E-05
4.91124830E-01 3.17642052E-03 6.92243767E-05
4.92444691E-01 3.17647321E-03 7.64994674E-05
4.93764462E-01 3.33837955E-03 7.54030719E-05
4.95084144E-01 3.28051131E-03 7.55347982E-05
4.96403737E-01 3.18769797E-03 7.08476645E-05
4.97723239E-01 3.21053034E-03 8.41026976E-05
4.99042652E-01 3.13979271E-03 8.81228698E-05
5.00361973E-01 3.22568996E-03 8.07266322E-05
5.01681205E-01 3.29886761E-03 8.87936754E-05
5.03000345E-01 3.19870274E-03 8.27861862E-05
5.04319394E-01 3.23842948E-03 9.03078201E-05
5.05638352E-01 3.22146035E-03 8.26837610E-05
5.06957219E-01 3.25560258E-03 9.15956088E-05
5.08275993E-01 3.12951609E-03 8.59998402E-05
5.09594676E-01 3.01731547E-03 8.30287504E-05
5.10913266E-01 3.37852074E-03 9.89743559E-05
5.12231764E-01 3.24414663E-03 8.87238982E-05
5.13550170E-01 3.32059973E-03 9.07715634E-05
5.14868482E-01 3.30763467E-03 1.03032293E-04
5.16186701E-01 3.34500541E-03 1.05521078E-04
5.17504827E-01 3.24036245E-03 1.00826077E-04
5.18822859E-01 3.18801682E-03 9.39689174E-05
5.20140797E-01 3.25844522E-03 9.60167279E-05
5.21458641E-01 3.17396783E-03 1.02096169E-04
5.22776391E-01 3.29233277E-03 1.08749106E-04
5.24094047E-01 3.21173464E-03 1.03161728E-04
5.25411608E-01 3.35611265E-03 1.16289380E-04
5.26729073E-01 3.42442057E-03 1.24006892E-04
5.28046444E-01 3.32240217E-03 1.14227270E-04
5.29363719E-01 3.42696811E-03 1.19529072E-04
5.30680898E-01 3.28847805E-03 1.36346430E-04
5.31997982E-01 3.35160039E-03 1.11177267E-04
5.33314969E-01 3.29714899E-03 1.20641380E-04
5.34631861E-01 3.31701167E-03 1.49449709E-04
5.35948655E-01 3.48792610E-03 1.24940385E-04
5.37265353E-01 3.55167519E-03 1.20029127E-04
5.38581954E-01 3.14162748E-03 1.37767447E-04
5.39898457E-01 3.52679090E-03 1.48330065E-04
5.41214863E-01 3.25572461E-03 1.25926769E-04
5.42531172E-01 3.21252252E-03 1.29738821E-04
5.43847382E-01 3.31169835E-03 1.57890827E-04
5.45163494E-01 3.00380366E-03 1.68035419E-04
5.46479508E-01 3.05966139E-03 1.84647460E-04
5.47795424E-01 3.22360143E-03 1.62378779E-04
5.49111240E-01 3.38769919E-03 1.82224955E-04
5.50426957E-01 3.59695375E-03 1.78390831E-04
5.51742576E-01 3.29275005E-03 1.85380734E-04
5.53058094E-01 3.16916807E-03 1.80647343E-04
5.54373513E-01 3.43958451E-03 1.79495369E-04
5.55688832E-01 3.24125460E-03 1.79985187E-04
5.57004051E-01 3.37736272E-03 1.86566355E-04
5.58319169E-01 3.75668005E-03 1.85336965E-04
5.59634187E-01 3.30864017E-03 1.97552357E-04
5.60949104E-01 3.55046274E-03 2.45237926E-04
5.62263920E-01 3.75854755E-03 2.58509132E-04
5.63578635E-01 3.28651480E-03 1.77395194E-04
5.64893248E-01 2.97325116E-03 1.88867900E-04
5.66207759E-01 3.82840700E-03 2.15971738E-04
5.67522168E-01 3.38904513E-03 2.87834002E-04
5.68836475E-01 3.35347858E-03 2.52771209E-04
5.70150680E-01 3.07880266E-03 2.66677228E-04
5.71464782E-01 2.70032512E-03 3.10123227E-04
5.72778781E-01 3.23713211E-03 2.96543813E-04
5.74092677E-01 3.08946190E-03 3.58844323E-04
5.75406470E-01 3.85882006E-03 2.55939721E-04
5.76720159E-01 3.84598702E-03 3.36470796E-04
5.78033745E-01 3.28513863E-03 4.74638532E-04
5.79347226E-01 3.88735298E-03 4.12383759E-04
5.80660603E-01 2.24343154E-03 2.73625387E-04


### HEADER:

{
    "analysis": {
        "uvvis": {
            "UVDarkTransmission": 193.225, 
            "UVPathlength": 1.5, 
            "UVTransmission": 3132.75
        }
    }, 
    "calibration_params": {
        "Beam_Center_X": 353.270665166, 
        "Beam_Center_Y": 218.565552071, 
        "Detector_Pixel_Size": 0.172, 
        "Radial_Average_Method": "RAW", 
        "Sample_Detector_Distance": 600.0, 
        "Wavelength": 1.34765431953
    }, 
    "config_file": null, 
    "counters": {}, 
    "filename": "02706_F5-T1_lys_1_003.tiff", 
    "history": {}, 
    "imageHeader": {
        "AFTER": 167302550.0, 
        "BEFORE": 167302550.0, 
        "IC": 167302550.0, 
        "Img.ImgType": "2D", 
        "Img.Site": "TUM", 
        "aquire_timestamp": "Tue Dec 17 11:01:35 2019", 
        "beam_x": 352.91, 
        "beam_y": 217.68, 
        "beamcenter_actual": "352.91    217.68", 
        "beamcenter_nominal": "352.91    217.68", 
        "bstop": 98.0, 
        "calibrationtype": "geom", 
        "configuraton_number": 2.0, 
        "data_added_constant": 0.0, 
        "data_multiplied_constant": 1.0, 
        "datatype": "tiff", 
        "det_count_cutoff": 1147717.0, 
        "det_excluded_pixels": "badpix_mask.tif", 
        "det_exposure_period": 124.0, 
        "det_exposure_time": 120.0, 
        "det_flat_field": "FF_p3-0304_E8048_T4024_vrf_m0p100.tif", 
        "det_n_excluded_pixels": 11.0, 
        "det_pixel_size": "172e-6 172e-6", 
        "det_tau": 0.0, 
        "det_thickness": 0.00032, 
        "det_threshold_setting": 4024.0, 
        "det_trim_directory": "p3-0304_E8048_T4024.bin", 
        "detector_dist": 605.2981, 
        "detector_function": "saxs", 
        "detector_sn": "dec1442", 
        "detectortype": "Pilatus", 
        "detx": 524.998096, 
        "dety": 2.755937, 
        "detz": 0.0, 
        "error_norm_fact": 1.0, 
        "exposure_time": 120.0, 
        "flatfield_applied": 1.0, 
        "hg1": 1.5, 
        "hg2": 0.8, 
        "hp1": 0.0, 
        "hp2": -0.0, 
        "integration_time": 120.0, 
        "livetime": 120.0, 
        "log": "log", 
        "pd": -0.000125, 
        "photons_per_100adu": 100.0, 
        "pixelsize": "0.172 0.172", 
        "pixelsize_x": 172.0, 
        "pixelsize_y": 172.0, 
        "reduction_type": "s", 
        "sample_angle1": 0.0, 
        "sample_bio_cell_temp": 25.0, 
        "sample_bio_code": "None", 
        "sample_bio_run_number": 1.0, 
        "sample_bio_uv_dark": 193.225, 
        "sample_bio_uv_pathlength": 1.5, 
        "sample_bio_uv_trans": 3132.75, 
        "sample_temp": 24.9, 
        "sample_transfact": 1.0, 
        "sample_ypos": 1.5, 
        "sample_zpos": 0.0, 
        "saturated_value": 1147717.0, 
        "saxsconf_Ieff": 1.0, 
        "saxsconf_Imon": 167302550.0, 
        "saxsconf_Izero": 167302550.0, 
        "saxsconf_det_offx": 0.0, 
        "saxsconf_det_offy": 0.0, 
        "saxsconf_det_pixsizey": 0.172, 
        "saxsconf_det_pixsizez": 0.172, 
        "saxsconf_det_rotx": 0.0, 
        "saxsconf_det_roty": 0.0, 
        "saxsconf_dwavelength": 0.004, 
        "saxsconf_l1": 725.0, 
        "saxsconf_l2": 400.0, 
        "saxsconf_l3": 200.0, 
        "saxsconf_r1": 0.75, 
        "saxsconf_r2": 0.4, 
        "saxsconf_r3": 0.75, 
        "saxsconf_wavelength": 1.3414, 
        "solz": 0.0, 
        "source_kV": 0.0, 
        "source_ma": 0.0, 
        "source_type": "EXCILLUMMETALJET", 
        "start_timestamp": "Tue Dec 17 11:01:35 2019", 
        "thsam": 0.0, 
        "vg1": 1.5, 
        "vg2": 0.8, 
        "vp1": 0.0, 
        "vp2": 0.0, 
        "wavelength": 1.3414, 
        "xaxisbintype": "lin", 
        "zinger_removal": 0.0, 
        "zsam": 0.0
    }, 
    "load_path": "/home/saxslab/BIODATA/Raw/02706_F5-T1_lys_1_003.tiff", 
    "normalizations": {
        "Counter_norms": [
            [
                "/", 
                "exposure_time"
            ], 
            [
                "/", 
                "saxsconf_Izero/1e7"
            ]
        ], 
        "Solid_Angle_Correction": "On"
    }, 
    "raw_version": "1.4.2 (BioXolver version)"
}

