### DATA:

         Q               I              Error
430
1.06922151E-02 3.37341336E-02 2.97706694E-03
1.20287357E-02 2.80574269E-02 1.80036289E-03
1.33652541E-02 2.25653570E-02 7.30995582E-04
1.47017700E-02 2.08010738E-02 4.78985184E-04
1.60382831E-02 1.86667106E-02 3.97218624E-04
1.73747933E-02 1.75758464E-02 3.88915375E-04
1.87113003E-02 1.75689716E-02 3.18100925E-04
2.00478039E-02 1.74232844E-02 3.27882009E-04
2.13843037E-02 1.66651898E-02 3.04361537E-04
2.27207996E-02 1.61758181E-02 2.91837131E-04
2.40572913E-02 1.66743029E-02 2.76051210E-04
2.53937785E-02 1.62132303E-02 2.59773681E-04
2.67302610E-02 1.60075489E-02 2.34487169E-04
2.80667386E-02 1.59307478E-02 2.51559796E-04
2.94032110E-02 1.57942720E-02 2.46525687E-04
3.07396780E-02 1.59801988E-02 2.41070011E-04
3.20761393E-02 1.53968236E-02 2.47889523E-04
3.34125946E-02 1.55123703E-02 2.09620269E-04
3.47490438E-02 1.50736607E-02 2.15128298E-04
3.60854865E-02 1.50678195E-02 1.92698108E-04
3.74219226E-02 1.47447932E-02 2.12594885E-04
3.87583518E-02 1.49523797E-02 1.94415941E-04
4.00947738E-02 1.46982312E-02 2.03055856E-04
4.14311883E-02 1.45263331E-02 1.98001104E-04
4.27675953E-02 1.47268107E-02 1.81609562E-04
4.41039943E-02 1.45762078E-02 1.98345708E-04
4.54403851E-02 1.46125752E-02 1.79270240E-04
4.67767676E-02 1.41033849E-02 1.83938386E-04
4.81131414E-02 1.39848296E-02 1.62610896E-04
4.94495063E-02 1.38921953E-02 1.63688237E-04
5.07858621E-02 1.37478731E-02 1.61023017E-04
5.21222085E-02 1.39530812E-02 1.70071746E-04
5.34585452E-02 1.36455592E-02 1.64997412E-04
5.47948721E-02 1.34962731E-02 1.67609074E-04
5.61311889E-02 1.32900258E-02 1.57790211E-04
5.74674952E-02 1.32416608E-02 1.71120555E-04
5.88037910E-02 1.33877701E-02 1.60335593E-04
6.01400758E-02 1.30085932E-02 1.40889934E-04
6.14763496E-02 1.29092707E-02 1.42981976E-04
6.28126120E-02 1.27480680E-02 1.58894141E-04
6.41488628E-02 1.28266560E-02 1.37648263E-04
6.54851017E-02 1.24419448E-02 1.38616628E-04
6.68213285E-02 1.26303414E-02 1.38945774E-04
6.81575430E-02 1.27008018E-02 1.32565753E-04
6.94937449E-02 1.24110960E-02 1.50445847E-04
7.08299339E-02 1.19149526E-02 1.46466257E-04
7.21661098E-02 1.18302109E-02 1.41512412E-04
7.35022724E-02 1.17011994E-02 1.42943829E-04
7.48384215E-02 1.18337950E-02 1.45862293E-04
7.61745566E-02 1.15101781E-02 1.37680209E-04
7.75106778E-02 1.13114623E-02 1.40759293E-04
7.88467845E-02 1.10478448E-02 1.28414489E-04
8.01828767E-02 1.12039044E-02 1.42407083E-04
8.15189541E-02 1.11168547E-02 1.35440156E-04
8.28550165E-02 1.06987080E-02 1.32258781E-04
8.41910635E-02 1.08419014E-02 1.35221000E-04
8.55270949E-02 1.08176770E-02 1.36713131E-04
8.68631106E-02 1.07261373E-02 1.32079225E-04
8.81991102E-02 1.04579921E-02 1.24970390E-04
8.95350935E-02 1.00125900E-02 1.26291670E-04
9.08710603E-02 9.96363137E-03 1.26507585E-04
9.22070102E-02 9.95742896E-03 1.20123040E-04
9.35429432E-02 9.70122977E-03 1.25113505E-04
9.48788588E-02 9.98968924E-03 1.21684962E-04
9.62147569E-02 9.83436598E-03 1.18933964E-04
9.75506373E-02 9.49194169E-03 1.23307625E-04
9.88864996E-02 9.15651629E-03 1.09600276E-04
1.00222344E-01 9.43600125E-03 1.21910506E-04
1.01558169E-01 9.01411894E-03 1.12472848E-04
1.02893976E-01 8.96990296E-03 1.13858436E-04
1.04229764E-01 9.01179526E-03 1.10935736E-04
1.05565532E-01 8.98304622E-03 1.08135747E-04
1.06901281E-01 8.67516781E-03 1.00458795E-04
1.08237011E-01 8.34390097E-03 1.04588409E-04
1.09572720E-01 8.24314332E-03 1.02140389E-04
1.10908409E-01 8.10058121E-03 9.81610920E-05
1.12244077E-01 8.12478930E-03 9.52774012E-05
1.13579725E-01 8.06911015E-03 8.95372059E-05
1.14915352E-01 7.95654983E-03 9.51558111E-05
1.16250958E-01 7.68215855E-03 9.59790468E-05
1.17586542E-01 7.65175714E-03 8.52253433E-05
1.18922104E-01 7.63431849E-03 9.05793748E-05
1.20257645E-01 7.43552257E-03 8.95571231E-05
1.21593163E-01 7.26151465E-03 8.61922296E-05
1.22928659E-01 7.29573307E-03 8.29887885E-05
1.24264132E-01 7.26449649E-03 8.68978917E-05
1.25599582E-01 7.02394433E-03 8.27070965E-05
1.26935009E-01 6.91568482E-03 8.32740236E-05
1.28270412E-01 6.71300579E-03 7.82189333E-05
1.29605792E-01 6.63848153E-03 8.21929186E-05
1.30941148E-01 6.61760519E-03 7.83467581E-05
1.32276480E-01 6.52809496E-03 7.60163974E-05
1.33611787E-01 6.45558078E-03 7.49665636E-05
1.34947070E-01 6.43275570E-03 7.45533484E-05
1.36282327E-01 6.30920029E-03 7.40363472E-05
1.37617560E-01 6.24173743E-03 7.24121002E-05
1.38952767E-01 6.21214854E-03 7.72034233E-05
1.40287948E-01 6.13334649E-03 7.49892916E-05
1.41623104E-01 5.97899951E-03 7.20814738E-05
1.42958234E-01 5.94213573E-03 6.88943267E-05
1.44293337E-01 5.89207349E-03 6.98767707E-05
1.45628413E-01 5.84014368E-03 7.25115514E-05
1.46963463E-01 5.52727971E-03 6.62900171E-05
1.48298485E-01 5.54342244E-03 6.59258652E-05
1.49633480E-01 5.51029211E-03 6.56050090E-05
1.50968447E-01 5.35882758E-03 6.66746556E-05
1.52303387E-01 5.47056091E-03 6.30543449E-05
1.53638298E-01 5.28425394E-03 6.15546822E-05
1.54973182E-01 5.18429424E-03 6.73515106E-05
1.56308036E-01 5.08637944E-03 6.23976236E-05
1.57642862E-01 5.14141122E-03 6.20219602E-05
1.58977658E-01 5.07527871E-03 5.97451097E-05
1.60312426E-01 5.10723276E-03 5.93253585E-05
1.61647163E-01 5.08176046E-03 6.15931323E-05
1.62981871E-01 4.87903018E-03 5.86904652E-05
1.64316549E-01 4.82167844E-03 5.85290453E-05
1.65651196E-01 4.80373225E-03 5.88369499E-05
1.66985813E-01 4.81815193E-03 5.89731271E-05
1.68320399E-01 4.71021336E-03 5.84528833E-05
1.69654954E-01 4.64022249E-03 5.66676903E-05
1.70989478E-01 4.50663426E-03 5.50251949E-05
1.72323970E-01 4.52716309E-03 5.46712873E-05
1.73658431E-01 4.53951329E-03 5.63721722E-05
1.74992859E-01 4.42713220E-03 5.63266637E-05
1.76327255E-01 4.39660028E-03 5.79687709E-05
1.77661619E-01 4.31823085E-03 5.35867981E-05
1.78995950E-01 4.32064824E-03 5.29962813E-05
1.80330247E-01 4.22989255E-03 4.99742062E-05
1.81664512E-01 4.16507133E-03 5.53725177E-05
1.82998743E-01 4.14054519E-03 5.30215565E-05
1.84332940E-01 4.07192302E-03 5.05527340E-05
1.85667104E-01 4.04444705E-03 5.18555905E-05
1.87001233E-01 4.10209337E-03 5.26884114E-05
1.88335327E-01 3.99206083E-03 5.20369971E-05
1.89669387E-01 3.99322835E-03 4.93829092E-05
1.91003412E-01 4.08119732E-03 5.60301493E-05
1.92337402E-01 3.92143801E-03 5.17615847E-05
1.93671356E-01 3.96479625E-03 5.05352227E-05
1.95005275E-01 3.95692934E-03 5.09908713E-05
1.96339157E-01 3.88557047E-03 5.22748592E-05
1.97673004E-01 3.81424471E-03 4.96760694E-05
1.99006814E-01 3.79397942E-03 4.86345483E-05
2.00340587E-01 3.74635613E-03 4.88125014E-05
2.01674324E-01 3.72336920E-03 5.22535969E-05
2.03008023E-01 3.68026261E-03 4.93122309E-05
2.04341685E-01 3.77198609E-03 4.74007018E-05
2.05675309E-01 3.72984774E-03 4.95160593E-05
2.07008895E-01 3.72097812E-03 5.06492762E-05
2.08342443E-01 3.65601614E-03 4.92426701E-05
2.09675953E-01 3.63660298E-03 4.83932227E-05
2.11009424E-01 3.65888849E-03 5.03756691E-05
2.12342856E-01 3.66630953E-03 4.95355218E-05
2.13676249E-01 3.63118896E-03 4.84543295E-05
2.15009603E-01 3.60260608E-03 4.68764774E-05
2.16342917E-01 3.59727083E-03 4.76610308E-05
2.17676192E-01 3.54316198E-03 4.58646334E-05
2.19009426E-01 3.56598682E-03 4.65412219E-05
2.20342620E-01 3.47273868E-03 4.79872291E-05
2.21675773E-01 3.50165280E-03 4.40937035E-05
2.23008885E-01 3.48538506E-03 4.50551334E-05
2.24341957E-01 3.46142825E-03 4.56819795E-05
2.25674987E-01 3.44558319E-03 4.61248359E-05
2.27007976E-01 3.43591441E-03 4.41061306E-05
2.28340922E-01 3.45493090E-03 4.21798146E-05
2.29673827E-01 3.40953522E-03 4.23358745E-05
2.31006689E-01 3.38343446E-03 4.43111256E-05
2.32339509E-01 3.45626450E-03 4.37590882E-05
2.33672286E-01 3.37610072E-03 4.17319343E-05
2.35005021E-01 3.32807801E-03 4.21515185E-05
2.36337711E-01 3.43722067E-03 4.16557055E-05
2.37670359E-01 3.40594415E-03 4.31024871E-05
2.39002962E-01 3.36604943E-03 4.27785029E-05
2.40335522E-01 3.41153297E-03 4.11087970E-05
2.41668037E-01 3.36534836E-03 4.37119118E-05
2.43000508E-01 3.45142697E-03 4.06641195E-05
2.44332934E-01 3.42142562E-03 4.04039029E-05
2.45665316E-01 3.32923299E-03 4.23904213E-05
2.46997652E-01 3.36254473E-03 4.05706763E-05
2.48329942E-01 3.28102439E-03 4.15704222E-05
2.49662187E-01 3.30464142E-03 3.98262149E-05
2.50994386E-01 3.35024998E-03 4.07683972E-05
2.52326539E-01 3.32788515E-03 4.11052703E-05
2.53658646E-01 3.40058271E-03 4.00928100E-05
2.54990705E-01 3.39707189E-03 4.09511271E-05
2.56322718E-01 3.33438558E-03 3.95785890E-05
2.57654684E-01 3.38389874E-03 4.11050591E-05
2.58986602E-01 3.31598731E-03 4.06819922E-05
2.60318473E-01 3.32033702E-03 3.75098136E-05
2.61650296E-01 3.39918581E-03 3.93830072E-05
2.62982071E-01 3.35162376E-03 3.95782473E-05
2.64313797E-01 3.27207791E-03 3.80289672E-05
2.65645475E-01 3.36813839E-03 3.91507265E-05
2.66977104E-01 3.31543648E-03 3.90172210E-05
2.68308684E-01 3.40166193E-03 3.91684575E-05
2.69640214E-01 3.29095683E-03 3.91753473E-05
2.70971695E-01 3.29470796E-03 3.77141277E-05
2.72303126E-01 3.32322783E-03 3.71580629E-05
2.73634508E-01 3.39569104E-03 3.90753445E-05
2.74965838E-01 3.35142158E-03 3.95287421E-05
2.76297119E-01 3.34524289E-03 3.80949785E-05
2.77628348E-01 3.43207274E-03 3.87208364E-05
2.78959527E-01 3.26308324E-03 3.72310712E-05
2.80290654E-01 3.34352349E-03 3.91363765E-05
2.81621730E-01 3.28880571E-03 3.86179355E-05
2.82952754E-01 3.31374499E-03 3.79149428E-05
2.84283726E-01 3.28279176E-03 3.65147926E-05
2.85614646E-01 3.37385946E-03 3.78381245E-05
2.86945514E-01 3.35595939E-03 3.67306332E-05
2.88276328E-01 3.34015084E-03 3.72762773E-05
2.89607090E-01 3.41263838E-03 3.92202311E-05
2.90937799E-01 3.39050506E-03 3.61934314E-05
2.92268454E-01 3.39599225E-03 3.86140984E-05
2.93599055E-01 3.30524415E-03 3.91385886E-05
2.94929603E-01 3.31900688E-03 3.79749274E-05
2.96260097E-01 3.30990224E-03 3.75819424E-05
2.97590536E-01 3.31267736E-03 3.83736909E-05
2.98920920E-01 3.33120787E-03 3.86287923E-05
3.00251250E-01 3.30729370E-03 3.91212580E-05
3.01581524E-01 3.32640407E-03 3.87116006E-05
3.02911743E-01 3.29531115E-03 3.79957850E-05
3.04241907E-01 3.35211570E-03 3.59707068E-05
3.05572015E-01 3.31570576E-03 3.77947437E-05
3.06902066E-01 3.39819850E-03 3.97122869E-05
3.08232062E-01 3.28189787E-03 3.81055806E-05
3.09562000E-01 3.30781413E-03 3.90614935E-05
3.10891882E-01 3.36790685E-03 3.81526176E-05
3.12221707E-01 3.32032303E-03 3.70449945E-05
3.13551475E-01 3.33526922E-03 3.86944062E-05
3.14881185E-01 3.37733265E-03 3.73245787E-05
3.16210838E-01 3.33752630E-03 3.78562239E-05
3.17540432E-01 3.30145094E-03 3.75179035E-05
3.18869968E-01 3.29575106E-03 3.78848797E-05
3.20199446E-01 3.40591215E-03 3.91603535E-05
3.21528865E-01 3.32968984E-03 3.69170892E-05
3.22858225E-01 3.33513970E-03 3.70387018E-05
3.24187526E-01 3.39855421E-03 3.76105653E-05
3.25516768E-01 3.31882827E-03 3.77541581E-05
3.26845949E-01 3.36316392E-03 3.78311284E-05
3.28175071E-01 3.37319942E-03 3.84071331E-05
3.29504133E-01 3.38653421E-03 3.71608148E-05
3.30833134E-01 3.28005538E-03 3.66783242E-05
3.32162075E-01 3.38035123E-03 3.81440721E-05
3.33490955E-01 3.32551338E-03 3.88193394E-05
3.34819774E-01 3.34314987E-03 3.67133153E-05
3.36148531E-01 3.35234883E-03 3.76313315E-05
3.37477227E-01 3.28983483E-03 3.69180685E-05
3.38805861E-01 3.38400002E-03 3.74904899E-05
3.40134433E-01 3.34051670E-03 3.72517870E-05
3.41462943E-01 3.34613209E-03 3.67811919E-05
3.42791390E-01 3.30804652E-03 3.81973273E-05
3.44119774E-01 3.42719993E-03 3.79357958E-05
3.45448095E-01 3.36925727E-03 3.73976621E-05
3.46776353E-01 3.36132205E-03 3.75238821E-05
3.48104548E-01 3.36055997E-03 3.75879092E-05
3.49432679E-01 3.40337524E-03 3.92451403E-05
3.50760746E-01 3.31460856E-03 3.76224425E-05
3.52088749E-01 3.39378263E-03 3.77744464E-05
3.53416687E-01 3.36406163E-03 3.74180751E-05
3.54744560E-01 3.37371881E-03 3.87181092E-05
3.56072369E-01 3.35219141E-03 3.96450117E-05
3.57400112E-01 3.32612234E-03 3.86819491E-05
3.58727791E-01 3.37045652E-03 4.10197012E-05
3.60055403E-01 3.33971120E-03 4.07335161E-05
3.61382950E-01 3.39349812E-03 4.01621355E-05
3.62710430E-01 3.34580874E-03 4.16244172E-05
3.64037844E-01 3.39765813E-03 4.13168000E-05
3.65365192E-01 3.44097950E-03 4.08517564E-05
3.66692473E-01 3.26865347E-03 4.13500861E-05
3.68019686E-01 3.38223609E-03 4.25378621E-05
3.69346833E-01 3.35676862E-03 4.40910617E-05
3.70673911E-01 3.35006100E-03 4.13341233E-05
3.72000922E-01 3.39538372E-03 4.01796786E-05
3.73327866E-01 3.34205671E-03 4.19922764E-05
3.74654740E-01 3.33840285E-03 4.13824231E-05
3.75981547E-01 3.36964098E-03 4.26675182E-05
3.77308284E-01 3.39807733E-03 4.36282863E-05
3.78634953E-01 3.33324356E-03 4.27264407E-05
3.79961552E-01 3.38158482E-03 4.43229487E-05
3.81288082E-01 3.39835454E-03 4.55775813E-05
3.82614543E-01 3.37730453E-03 4.52781656E-05
3.83940933E-01 3.32983160E-03 4.41700633E-05
3.85267254E-01 3.31900059E-03 4.45855556E-05
3.86593504E-01 3.41813863E-03 4.39286049E-05
3.87919683E-01 3.36690225E-03 4.49692861E-05
3.89245791E-01 3.34500239E-03 4.43878835E-05
3.90571829E-01 3.33257589E-03 4.48978192E-05
3.91897795E-01 3.41217346E-03 4.38953357E-05
3.93223690E-01 3.32197980E-03 4.59156262E-05
3.94549512E-01 3.24830967E-03 4.64682870E-05
3.95875263E-01 3.41861381E-03 4.58882432E-05
3.97200941E-01 3.30942328E-03 4.63686285E-05
3.98526547E-01 3.36988703E-03 4.64994307E-05
3.99852081E-01 3.35851941E-03 4.60419792E-05
4.01177541E-01 3.22540992E-03 4.41525726E-05
4.02502928E-01 3.35119208E-03 4.77042018E-05
4.03828242E-01 3.41447198E-03 4.69375090E-05
4.05153481E-01 3.40564837E-03 4.81928685E-05
4.06478647E-01 3.33875567E-03 4.70788952E-05
4.07803739E-01 3.38380654E-03 4.95030058E-05
4.09128757E-01 3.39906205E-03 4.66073161E-05
4.10453700E-01 3.39352346E-03 4.90592441E-05
4.11778568E-01 3.37952569E-03 4.63512257E-05
4.13103361E-01 3.35141975E-03 4.57111345E-05
4.14428078E-01 3.37659905E-03 4.72408690E-05
4.15752720E-01 3.44660331E-03 4.83790604E-05
4.17077287E-01 3.36849918E-03 4.76672694E-05
4.18401777E-01 3.36183579E-03 4.89494312E-05
4.19726191E-01 3.36047621E-03 4.68324537E-05
4.21050528E-01 3.37138493E-03 4.95058846E-05
4.22374789E-01 3.41536875E-03 4.71305394E-05
4.23698973E-01 3.39472265E-03 4.84273362E-05
4.25023079E-01 3.34485019E-03 5.31532120E-05
4.26347108E-01 3.35380245E-03 4.81682701E-05
4.27671060E-01 3.36976964E-03 4.91815180E-05
4.28994934E-01 3.31416442E-03 5.04210444E-05
4.30318729E-01 3.38654399E-03 5.08465501E-05
4.31642446E-01 3.43535043E-03 5.25123383E-05
4.32966085E-01 3.24157201E-03 4.89926819E-05
4.34289644E-01 3.42128410E-03 5.22442584E-05
4.35613125E-01 3.36009657E-03 4.82837956E-05
4.36936526E-01 3.28505316E-03 4.97809707E-05
4.38259848E-01 3.34234105E-03 5.12362801E-05
4.39583090E-01 3.34999129E-03 5.03195001E-05
4.40906252E-01 3.32073981E-03 5.19593491E-05
4.42229334E-01 3.39493701E-03 5.23256388E-05
4.43552335E-01 3.39440269E-03 5.40452555E-05
4.44875255E-01 3.34083650E-03 5.15770322E-05
4.46198095E-01 3.30341589E-03 5.19192014E-05
4.47520853E-01 3.36662232E-03 5.15193180E-05
4.48843531E-01 3.29030575E-03 5.27073438E-05
4.50166126E-01 3.33064060E-03 5.14422595E-05
4.51488640E-01 3.22343147E-03 4.94549497E-05
4.52811071E-01 3.31169472E-03 5.23283107E-05
4.54133420E-01 3.40238987E-03 5.54603259E-05
4.55455687E-01 3.29454155E-03 5.81303326E-05
4.56777871E-01 3.38700009E-03 5.44944699E-05
4.58099971E-01 3.31281529E-03 5.30239478E-05
4.59421989E-01 3.32397437E-03 5.50733616E-05
4.60743923E-01 3.26863397E-03 5.54798555E-05
4.62065773E-01 3.32959243E-03 5.32799063E-05
4.63387539E-01 3.40768307E-03 5.40108693E-05
4.64709222E-01 3.35302621E-03 5.14376816E-05
4.66030819E-01 3.44757106E-03 5.94716750E-05
4.67352332E-01 3.29859656E-03 6.11336828E-05
4.68673761E-01 3.36708747E-03 5.95680933E-05
4.69995104E-01 3.38109286E-03 6.41530372E-05
4.71316361E-01 3.33534360E-03 5.83002268E-05
4.72637534E-01 3.24339007E-03 5.90419952E-05
4.73958620E-01 3.27091081E-03 6.42546599E-05
4.75279620E-01 3.40027623E-03 6.78232478E-05
4.76600534E-01 3.32962872E-03 6.47739978E-05
4.77921362E-01 3.23462621E-03 6.30527577E-05
4.79242103E-01 3.39964703E-03 6.73983742E-05
4.80562757E-01 3.35182827E-03 6.65582158E-05
4.81883323E-01 3.25353471E-03 6.85881124E-05
4.83203803E-01 3.28719593E-03 7.03555362E-05
4.84524194E-01 3.40984512E-03 7.10426917E-05
4.85844498E-01 3.33083992E-03 7.44538230E-05
4.87164714E-01 3.32058880E-03 7.12105348E-05
4.88484841E-01 3.43956092E-03 7.48615283E-05
4.89804880E-01 3.40469930E-03 7.83575170E-05
4.91124830E-01 3.34790909E-03 7.82783065E-05
4.92444691E-01 3.33827866E-03 8.05955719E-05
4.93764462E-01 3.28708962E-03 8.51125031E-05
4.95084144E-01 3.39826835E-03 7.91368555E-05
4.96403737E-01 3.35611396E-03 7.74418883E-05
4.97723239E-01 3.48989697E-03 8.71917894E-05
4.99042652E-01 3.39384599E-03 8.90185970E-05
5.00361973E-01 3.45422699E-03 8.48034531E-05
5.01681205E-01 3.36307189E-03 7.76472919E-05
5.03000345E-01 3.57270157E-03 9.59091447E-05
5.04319394E-01 3.49139327E-03 9.35322738E-05
5.05638352E-01 3.45857682E-03 9.02878749E-05
5.06957219E-01 3.36339392E-03 8.76132434E-05
5.08275993E-01 3.32090074E-03 9.78610663E-05
5.09594676E-01 3.45461019E-03 9.63706647E-05
5.10913266E-01 3.39134221E-03 1.00855895E-04
5.12231764E-01 3.41497750E-03 9.18546298E-05
5.13550170E-01 3.40591292E-03 9.75941822E-05
5.14868482E-01 3.36502781E-03 9.55135510E-05
5.16186701E-01 3.41641541E-03 9.70947610E-05
5.17504827E-01 3.63069954E-03 1.01913754E-04
5.18822859E-01 3.31141782E-03 9.86705798E-05
5.20140797E-01 3.36159271E-03 1.08384931E-04
5.21458641E-01 3.38265828E-03 1.12537291E-04
5.22776391E-01 3.44818354E-03 1.01298807E-04
5.24094047E-01 3.25639868E-03 1.06707718E-04
5.25411608E-01 3.45850050E-03 1.15447561E-04
5.26729073E-01 3.37445419E-03 1.25410630E-04
5.28046444E-01 3.36259653E-03 1.18497738E-04
5.29363719E-01 3.43418581E-03 1.23545093E-04
5.30680898E-01 3.56131694E-03 1.18081647E-04
5.31997982E-01 3.32200905E-03 1.08233782E-04
5.33314969E-01 3.32593229E-03 1.38881486E-04
5.34631861E-01 3.25066046E-03 1.24754713E-04
5.35948655E-01 3.58195700E-03 1.42317397E-04
5.37265353E-01 3.44102402E-03 1.33745953E-04
5.38581954E-01 3.53897016E-03 1.29232061E-04
5.39898457E-01 3.44659996E-03 1.39811778E-04
5.41214863E-01 3.55128557E-03 1.56786802E-04
5.42531172E-01 3.22680839E-03 1.38073334E-04
5.43847382E-01 3.56951061E-03 1.75934217E-04
5.45163494E-01 3.44590151E-03 1.58126914E-04
5.46479508E-01 3.51218010E-03 1.87886049E-04
5.47795424E-01 3.63874744E-03 1.67914923E-04
5.49111240E-01 3.44808923E-03 1.52734845E-04
5.50426957E-01 3.63585087E-03 1.91060896E-04
5.51742576E-01 3.77866700E-03 1.92929607E-04
5.53058094E-01 3.46631490E-03 1.89861717E-04
5.54373513E-01 3.65345023E-03 2.18689930E-04
5.55688832E-01 3.41233282E-03 2.13355471E-04
5.57004051E-01 3.68712619E-03 2.34124610E-04
5.58319169E-01 3.81308970E-03 2.42459858E-04
5.59634187E-01 3.55156998E-03 2.06305840E-04
5.60949104E-01 3.70325329E-03 2.14575375E-04
5.62263920E-01 3.59945639E-03 2.02758537E-04
5.63578635E-01 3.40646892E-03 2.38368875E-04
5.64893248E-01 3.52493429E-03 2.15955092E-04
5.66207759E-01 2.91690411E-03 2.43860978E-04
5.67522168E-01 3.19317709E-03 2.49039259E-04
5.68836475E-01 3.65670217E-03 2.65442358E-04
5.70150680E-01 3.58757817E-03 2.38902360E-04
5.71464782E-01 3.41655340E-03 2.64122590E-04
5.72778781E-01 3.46329398E-03 3.03160700E-04
5.74092677E-01 3.58156037E-03 4.18782887E-04
5.75406470E-01 3.64296556E-03 4.39471149E-04
5.76720159E-01 3.01165305E-03 3.76960720E-04
5.78033745E-01 3.38913110E-03 5.61148966E-04
5.79347226E-01 2.69552068E-03 5.04457137E-04
5.80660603E-01 3.36647029E-03 2.39897919E-04


### HEADER:

{
    "analysis": {
        "uvvis": {
            "UVDarkTransmission": 193.225, 
            "UVPathlength": 1.5, 
            "UVTransmission": 308.05
        }
    }, 
    "calibration_params": {
        "Beam_Center_X": 353.270665166, 
        "Beam_Center_Y": 218.565552071, 
        "Detector_Pixel_Size": 0.172, 
        "Radial_Average_Method": "RAW", 
        "Sample_Detector_Distance": 600.0, 
        "Wavelength": 1.34765431953
    }, 
    "config_file": null, 
    "counters": {}, 
    "filename": "02700_F2-T1_lys_8_005.tiff", 
    "history": {}, 
    "imageHeader": {
        "AFTER": 162169020.0, 
        "BEFORE": 162169020.0, 
        "IC": 162169020.0, 
        "Img.ImgType": "2D", 
        "Img.Site": "TUM", 
        "aquire_timestamp": "Tue Dec 17 09:34:36 2019", 
        "beam_x": 352.9, 
        "beam_y": 217.65, 
        "beamcenter_actual": "352.90    217.65", 
        "beamcenter_nominal": "352.90    217.65", 
        "bstop": 98.0, 
        "calibrationtype": "geom", 
        "configuraton_number": 2.0, 
        "data_added_constant": 0.0, 
        "data_multiplied_constant": 1.0, 
        "datatype": "tiff", 
        "det_count_cutoff": 1147717.0, 
        "det_excluded_pixels": "badpix_mask.tif", 
        "det_exposure_period": 124.0, 
        "det_exposure_time": 120.0, 
        "det_flat_field": "FF_p3-0304_E8048_T4024_vrf_m0p100.tif", 
        "det_n_excluded_pixels": 11.0, 
        "det_pixel_size": "172e-6 172e-6", 
        "det_tau": 0.0, 
        "det_thickness": 0.00032, 
        "det_threshold_setting": 4024.0, 
        "det_trim_directory": "p3-0304_E8048_T4024.bin", 
        "detector_dist": 605.2981, 
        "detector_function": "saxs", 
        "detector_sn": "dec1442", 
        "detectortype": "Pilatus", 
        "detx": 524.998096, 
        "dety": 2.755937, 
        "detz": 0.0, 
        "error_norm_fact": 1.0, 
        "exposure_time": 120.0, 
        "flatfield_applied": 1.0, 
        "hg1": 1.5, 
        "hg2": 0.8, 
        "hp1": 0.0, 
        "hp2": -0.0, 
        "integration_time": 120.0, 
        "livetime": 120.0, 
        "log": "log", 
        "pd": -0.000125, 
        "photons_per_100adu": 100.0, 
        "pixelsize": "0.172 0.172", 
        "pixelsize_x": 172.0, 
        "pixelsize_y": 172.0, 
        "reduction_type": "s", 
        "sample_angle1": 0.0, 
        "sample_bio_cell_temp": 25.0, 
        "sample_bio_code": "None", 
        "sample_bio_run_number": 1.0, 
        "sample_bio_uv_dark": 193.225, 
        "sample_bio_uv_pathlength": 1.5, 
        "sample_bio_uv_trans": 308.05, 
        "sample_temp": 25.07, 
        "sample_transfact": 1.0, 
        "sample_ypos": 1.5, 
        "sample_zpos": 0.0, 
        "saturated_value": 1147717.0, 
        "saxsconf_Ieff": 1.0, 
        "saxsconf_Imon": 162169020.0, 
        "saxsconf_Izero": 162169020.0, 
        "saxsconf_det_offx": 0.0, 
        "saxsconf_det_offy": 0.0, 
        "saxsconf_det_pixsizey": 0.172, 
        "saxsconf_det_pixsizez": 0.172, 
        "saxsconf_det_rotx": 0.0, 
        "saxsconf_det_roty": 0.0, 
        "saxsconf_dwavelength": 0.004, 
        "saxsconf_l1": 725.0, 
        "saxsconf_l2": 400.0, 
        "saxsconf_l3": 200.0, 
        "saxsconf_r1": 0.75, 
        "saxsconf_r2": 0.4, 
        "saxsconf_r3": 0.75, 
        "saxsconf_wavelength": 1.3414, 
        "solz": 0.0, 
        "source_kV": 0.0, 
        "source_ma": 0.0, 
        "source_type": "EXCILLUMMETALJET", 
        "start_timestamp": "Tue Dec 17 09:34:36 2019", 
        "thsam": 0.0, 
        "vg1": 1.5, 
        "vg2": 0.8, 
        "vp1": 0.0, 
        "vp2": 0.0, 
        "wavelength": 1.3414, 
        "xaxisbintype": "lin", 
        "zinger_removal": 0.0, 
        "zsam": 0.0
    }, 
    "load_path": "/home/saxslab/BIODATA/Raw/02700_F2-T1_lys_8_005.tiff", 
    "normalizations": {
        "Counter_norms": [
            [
                "/", 
                "exposure_time"
            ], 
            [
                "/", 
                "saxsconf_Izero/1e7"
            ]
        ], 
        "Solid_Angle_Correction": "On"
    }, 
    "raw_version": "1.4.2 (BioXolver version)"
}

